20100601;986.02;994.79;948.12;973.23;1583073;5780310016.00
20100602;967.61;997.12;952.61;997.12;1202131;4455081472.00
20100603;1002.35;1026.70;997.78;998.39;1729802;6635854848.00
20100604;989.68;1027.68;986.50;1027.68;1571654;5512249344.00
20100607;1005.03;1075.22;1001.70;1069.47;2769355;9500138496.00
20100608;1067.32;1075.50;1050.96;1067.15;2062969;6929747456.00
20100609;1070.85;1102.10;1069.43;1077.82;2541568;8994865152.00
20100610;1077.68;1119.11;1076.28;1117.48;2197404;8242730496.00
20100611;1122.44;1128.23;1118.71;1122.20;2224874;8449040384.00
20100617;1126.13;1129.69;1064.84;1064.84;1764283;6757409792.00
20100618;1052.07;1053.14;993.17;1000.28;1630650;5827720192.00
20100621;991.96;1043.16;976.41;1040.80;1574797;5604269056.00
20100622;1037.04;1057.36;1033.65;1034.99;1427162;5067480064.00
20100623;1026.86;1056.35;1023.74;1047.34;1257359;4608674304.00
20100624;1046.76;1059.75;1041.54;1050.60;1069132;3904948224.00
20100625;1046.21;1046.21;999.16;1016.28;1781242;6118335488.00
20100628;1009.22;1014.41;984.22;987.83;1180048;4166416128.00
20100629;985.57;992.23;912.54;913.31;1742055;5950152192.00
20100630;898.29;921.81;881.36;919.31;1408707;4322013184.00
20100701;914.40;921.21;882.19;882.19;1199397;4038564352.00
20100702;878.95;885.34;832.62;873.12;1436579;4569467392.00
20100705;857.37;870.86;842.73;862.27;1015804;3089165312.00
20100706;859.26;898.45;857.80;893.72;1268273;3995396864.00
20100707;896.53;908.55;890.34;908.55;1154522;3646053376.00
20100708;912.00;914.30;887.03;905.51;1823587;5165453312.00
20100709;903.50;936.53;896.89;932.15;1844847;5435749888.00
20100712;931.54;941.07;924.06;930.17;1473329;4566959104.00
20100713;924.95;936.64;906.30;931.08;1683635;5114771456.00
20100714;929.75;937.93;916.07;922.36;1621514;4986494464.00
20100715;920.05;930.56;892.56;892.56;1381135;4298472448.00
20100716;885.07;895.06;869.02;892.30;1123317;3438813696.00
20100719;881.66;910.18;878.07;908.05;1018964;3119460864.00
20100720;909.54;937.55;909.54;937.02;1477184;4738516480.00
20100721;940.10;959.04;938.16;941.25;1782674;6154522624.00
20100722;938.22;950.21;932.02;950.21;1326602;4356669952.00
20100723;951.84;964.74;948.13;960.59;1721251;5339086336.00
20100726;962.76;966.73;954.76;966.15;1476035;4626043904.00
20100727;963.54;968.04;955.73;957.97;1361821;4574085632.00
20100728;955.19;972.53;954.52;972.53;2057862;6808195584.00
20100729;974.30;982.02;965.61;975.36;2113521;6958028800.00
20100730;971.66;971.66;955.92;968.43;1691712;5788241920.00
20100802;968.45;994.23;968.45;994.23;1962783;6585242112.00
20100803;995.20;996.26;975.65;975.65;1885147;6352818688.00
20100804;971.41;978.01;955.93;978.01;1624911;5327477760.00
20100805;980.27;998.10;978.33;987.35;1915500;6503165952.00
20100806;987.97;1011.39;985.63;1011.39;2360264;8526611456.00
20100809;1013.25;1032.34;1013.25;1032.34;2428507;8547738624.00
20100810;1031.98;1034.33;993.99;993.99;2411715;8238700544.00
20100811;991.28;1006.45;990.94;1004.64;1759141;5917191680.00
20100812;994.05;1007.58;987.98;991.78;2286132;8961176576.00
20100813;992.63;1007.52;986.62;1007.21;1782848;6539169792.00
20100816;1007.50;1031.05;1005.05;1030.22;2091177;7340467712.00
20100817;1031.08;1036.82;1023.08;1033.58;1963471;7026580480.00
20100818;1033.71;1035.61;1018.50;1026.72;1811909;6654307840.00
20100819;1026.98;1033.25;1021.70;1025.53;1750952;6269933568.00
20100820;1021.46;1022.45;993.56;995.94;2404560;9468961792.00
20100823;994.94;1001.18;991.52;995.61;1773928;6691924992.00
20100824;993.58;1007.76;987.22;1004.99;1608155;6272781312.00
20100825;1000.27;1002.33;976.55;976.88;2166638;7732030464.00
20100826;978.60;984.87;973.00;980.63;1700767;6245786624.00
20100827;978.51;1000.86;975.72;999.46;2173480;7887761920.00
20100830;1002.99;1025.15;1002.99;1024.93;2358186;8501815808.00
20100831;1020.75;1029.80;1015.13;1025.57;2175334;8054544384.00
20100901;1025.68;1029.81;987.59;995.59;2400153;8763610112.00
20100902;1001.60;1018.28;996.52;1014.92;2758003;11048559616.00
20100903;1017.64;1045.21;1017.51;1036.70;3186012;12468597760.00
20100906;1039.46;1043.24;1007.43;1010.76;2546962;9852693504.00
20100907;1010.12;1022.62;1007.64;1022.62;1686002;6571730432.00
20100908;1020.23;1027.64;1016.84;1026.33;1801644;6577841152.00
20100909;1029.11;1040.67;1019.69;1021.83;2365284;8209268736.00
20100910;1021.87;1037.51;1016.19;1034.94;2210901;7388106240.00
20100913;1034.39;1045.39;1033.25;1042.48;2010292;6899537408.00
20100914;1044.30;1046.13;1028.77;1031.22;1940841;6968656384.00
20100915;1029.52;1030.02;987.05;990.10;2216464;7937955840.00
20100916;989.49;994.95;964.53;972.60;1717924;5902966272.00
20100917;976.07;981.73;967.56;972.23;1450030;5395687936.00
20100920;972.45;975.26;947.41;949.20;1292681;4638370304.00
20100921;952.07;953.83;930.25;934.46;1107187;3685261056.00
20100927;936.21;951.84;930.87;950.67;1079437;3608370176.00
20100928;949.63;949.89;939.63;942.05;1666173;6756897792.00
20100929;941.27;944.17;924.41;926.76;1230242;4512222720.00
20100930;923.83;942.54;921.36;942.54;1099209;3967678720.00
20101008;946.47;963.18;945.62;959.86;1511188;5272914432.00
20101011;960.91;961.17;941.91;947.11;1852470;6479456256.00
20101012;946.63;959.98;945.01;951.79;1510895;5054330368.00
20101013;951.33;962.74;940.65;962.74;2209485;7669942272.00
20101014;963.29;975.91;956.86;958.50;1994136;6996952576.00
20101015;954.12;957.77;937.12;944.25;1884787;6403270144.00
20101018;941.87;941.87;913.82;932.36;1787335;5975258624.00
20101019;932.83;1005.59;932.32;995.92;3333809;11780278272.00
20101020;986.65;1024.58;986.03;1004.54;3438174;11730250752.00
20101021;1001.68;1001.68;983.66;991.84;2161944;7155691520.00
20101022;991.14;1023.70;991.14;1013.45;2377733;8008472064.00
20101025;1018.08;1043.09;1018.08;1039.05;2729464;9349803008.00
20101026;1041.53;1041.91;1020.94;1036.01;2967923;11256504320.00
20101027;1034.86;1048.56;1028.70;1030.59;2443831;8963387392.00
20101028;1024.70;1038.62;1023.49;1038.62;2269392;8471492608.00
20101029;1042.40;1069.75;1042.40;1064.52;3097404;11544179712.00
20101101;1071.63;1113.62;1071.63;1107.52;3754825;14242637824.00
20101102;1108.09;1108.09;1074.58;1075.15;3292637;12447458304.00
20101103;1063.20;1063.20;1040.55;1040.62;2224595;8194692608.00
20101104;1041.42;1057.71;1037.24;1057.71;1759113;6392806400.00
20101105;1067.87;1072.22;1058.26;1072.22;2237335;8252891648.00
20101108;1077.50;1107.06;1077.50;1107.06;2579173;9730492416.00
20101109;1110.43;1117.52;1102.01;1115.65;2622116;9958053888.00
20101110;1115.74;1147.48;1113.75;1141.58;2974084;11130952704.00
20101111;1137.08;1163.70;1132.36;1132.72;3180996;11899691008.00
20101112;1126.85;1140.63;1080.27;1082.24;3612339;16217640960.00
20101115;1087.81;1148.54;1086.52;1148.54;2981080;12781417472.00
20101116;1154.41;1175.31;1111.50;1126.18;3964587;15919425536.00
20101117;1115.12;1132.86;1080.93;1085.35;2829795;10875058176.00
20101118;1090.14;1102.85;1077.06;1102.85;2238790;8470645248.00
20101119;1106.75;1153.17;1105.59;1153.17;3233615;12096806912.00
20101122;1153.26;1194.20;1151.76;1174.94;4025388;15662365696.00
20101123;1172.06;1183.84;1148.81;1183.50;2898766;11296673792.00
20101124;1176.42;1208.45;1174.68;1208.45;2869098;11210072064.00
20101125;1212.77;1215.74;1177.83;1186.36;2832584;11069243392.00
20101126;1184.80;1200.50;1179.28;1196.02;2350441;9326839808.00
20101129;1195.31;1221.75;1193.41;1220.11;2685259;10786043904.00
20101130;1219.08;1219.12;1146.97;1181.50;3163257;12525797376.00
20101201;1176.61;1182.57;1169.89;1177.18;1612221;6449477120.00
20101202;1187.10;1192.80;1177.81;1177.84;1767132;7208342016.00
20101203;1177.17;1178.67;1148.09;1157.94;1702613;6748120064.00
20101206;1157.72;1159.30;1124.94;1134.38;1562358;6184401920.00
20101207;1132.33;1162.58;1123.76;1161.69;1280460;5119900160.00
20101208;1160.92;1176.42;1158.10;1160.24;1345852;5479292416.00
20101209;1158.82;1160.91;1144.18;1144.53;1806955;7859628032.00
20101210;1139.83;1167.68;1136.33;1166.80;1569302;6674189312.00
20101213;1175.51;1210.75;1175.51;1209.27;2301380;9731478528.00
20101214;1211.46;1219.71;1204.66;1218.52;2047676;8569488896.00
20101215;1217.81;1224.05;1209.29;1211.80;2319263;10289327104.00
20101216;1209.62;1233.62;1209.34;1225.03;2127810;8816230400.00
20101217;1222.93;1233.39;1222.93;1232.98;2059515;8599739392.00
20101220;1235.67;1239.60;1180.53;1212.34;2702385;11802207232.00
20101221;1212.09;1222.30;1204.48;1215.02;1885949;7935690240.00
20101222;1214.77;1215.79;1199.68;1201.65;2109499;9215361024.00
20101223;1198.74;1200.76;1175.86;1176.36;1877144;8295889408.00
20101224;1170.70;1170.70;1140.13;1144.50;1630336;7045271040.00
20101227;1145.70;1154.53;1100.52;1105.30;1567896;6535094272.00
20101228;1098.94;1099.18;1080.40;1091.48;1439567;5774803456.00
20101229;1091.82;1113.31;1091.82;1113.31;1615975;6762598912.00
20101230;1113.56;1122.41;1106.43;1117.21;1409447;5905895936.00
20101231;1117.36;1138.47;1117.36;1137.66;1391123;5869734400.00
20110104;1142.17;1155.52;1140.04;1155.11;1695881;7403006976.00
20110105;1153.91;1159.12;1146.38;1155.35;1683527;7341840384.00
20110106;1153.63;1159.41;1134.09;1134.79;1559129;6869233664.00
20110107;1132.73;1139.78;1119.61;1126.52;1974030;9548235776.00
20110110;1124.34;1124.34;1089.06;1093.77;1591818;7219412480.00
20110111;1089.99;1089.99;1068.40;1078.37;1376431;5853695488.00
20110112;1083.12;1095.52;1071.09;1089.67;1234470;5239284736.00
20110113;1094.83;1097.10;1089.67;1093.86;1776971;7317823488.00
20110114;1092.09;1092.09;1065.75;1067.42;1534370;6235600896.00
20110117;1066.44;1066.99;1025.66;1028.16;1701014;6922489344.00
20110118;1021.84;1029.86;1014.63;1025.72;1018064;4027368960.00
20110119;1025.93;1048.60;1023.15;1048.54;1178339;4748988416.00
20110120;1047.77;1051.52;1020.29;1020.39;1442281;5770513920.00
20110121;1014.72;1033.52;1013.27;1024.51;1254321;5075485184.00
20110124;1024.79;1029.33;994.26;994.97;1315743;5500294656.00
20110125;992.57;992.57;968.32;979.00;1421063;5456791552.00
20110126;978.07;995.79;977.85;995.74;1161020;4471076352.00
20110127;991.06;1015.05;984.79;1013.02;1186127;4478251008.00
20110128;1013.64;1023.63;1011.31;1020.94;998536;3845951232.00
20110131;1021.63;1030.19;1014.40;1029.12;1211559;4843982848.00
20110201;1029.67;1034.14;1026.90;1032.60;1447715;5627796480.00
20110209;1026.45;1037.84;1021.79;1025.15;1287175;4788958720.00
20110210;1026.25;1063.95;1024.71;1063.95;1833971;6739880448.00
20110211;1067.19;1075.59;1065.15;1071.58;1858216;7173862912.00
20110214;1072.31;1087.31;1072.31;1086.56;2085430;8396670976.00
20110215;1086.80;1097.56;1082.27;1087.73;2692483;9864465408.00
20110216;1086.77;1107.24;1083.85;1107.24;2430058;9216957440.00
20110217;1108.63;1116.96;1103.89;1115.33;2407534;9368213504.00
20110218;1114.45;1114.69;1098.59;1100.46;2314419;8861476864.00
20110221;1096.17;1117.67;1094.43;1117.67;2338857;9423121408.00
20110222;1118.61;1122.18;1087.01;1088.27;3202336;12449324032.00
20110223;1088.08;1117.29;1087.86;1114.05;2313215;9947056128.00
20110224;1112.43;1112.72;1094.62;1101.95;2238639;9413684224.00
20110225;1098.11;1098.73;1085.80;1095.10;1966280;7877873664.00
20110228;1096.34;1099.78;1087.59;1099.78;1903786;7613563904.00
20110301;1100.81;1102.55;1091.98;1098.00;2101515;8041562112.00
20110302;1094.97;1096.09;1077.65;1088.90;1797659;6938441216.00
20110303;1088.89;1091.89;1062.37;1064.31;1799709;6877458432.00
20110304;1063.43;1071.86;1056.56;1071.86;1471274;5426590208.00
20110307;1073.93;1078.11;1069.93;1078.11;1770028;6658862080.00
20110308;1079.53;1085.31;1074.10;1084.82;2526986;8812152832.00
20110309;1084.70;1087.30;1075.46;1087.30;2453239;8904006656.00
20110310;1088.34;1103.54;1087.57;1093.90;2564247;9837758464.00
20110311;1090.21;1113.01;1088.65;1101.76;2755355;10764427264.00
20110314;1099.32;1107.54;1095.90;1107.54;2543075;9295617024.00
20110315;1108.20;1108.20;1078.23;1094.95;2786249;10290751488.00
20110316;1094.12;1102.67;1094.12;1102.22;2621254;9973230592.00
20110317;1096.22;1096.22;1074.87;1078.37;2579187;9618102272.00
20110318;1081.60;1088.31;1079.56;1083.60;1714087;6422767104.00
20110321;1083.15;1084.55;1068.32;1070.60;1675007;6448694272.00
20110322;1072.39;1074.08;1057.86;1067.29;1846559;6761189888.00
20110323;1066.17;1076.56;1064.59;1076.56;1762140;6575953920.00
20110324;1078.02;1081.59;1074.04;1077.99;1872127;6819942912.00
20110325;1077.34;1078.02;1069.38;1072.34;1977720;7106481664.00
20110328;1072.89;1074.41;1051.02;1052.11;2287752;8190142976.00
20110329;1050.29;1050.29;1017.88;1019.04;2763171;9805270016.00
20110330;1017.16;1019.17;1004.38;1006.37;1944158;6412176384.00
20110331;1006.72;1019.32;1005.37;1008.30;1590416;5135414272.00
20110401;1006.04;1015.08;1002.86;1015.08;1294019;4125940992.00
20110406;1011.68;1011.82;992.31;994.26;1541654;4960950272.00
20110407;993.38;1004.41;992.43;1004.41;1773952;5465477632.00
20110408;1004.14;1019.14;1002.38;1019.14;1569267;4954629120.00
20110411;1021.31;1022.56;1002.43;1002.80;1710574;5550286336.00
20110412;1000.77;1007.25;997.75;1000.17;1354872;4373986304.00
20110413;999.53;1020.75;998.52;1020.75;1508995;5016656384.00
20110414;1021.10;1021.46;1013.99;1016.62;1412610;4647288320.00
20110415;1015.97;1016.15;1002.64;1010.06;1777145;5334863360.00
20110418;1008.48;1010.66;1000.18;1003.26;1524246;4609672704.00
20110419;1000.88;1000.88;986.90;994.30;1759370;5369582080.00
20110420;993.94;1009.50;991.88;1008.18;1687702;5324734464.00
20110421;1007.98;1017.70;1006.91;1010.56;2388192;7231818240.00
20110422;1008.17;1008.30;1000.92;1004.65;1893595;5644621824.00
20110425;1001.08;1001.08;974.99;975.18;1990286;5888717824.00
20110426;970.96;973.56;954.98;958.29;1969918;5652329472.00
20110427;956.77;961.64;936.99;942.54;1827124;5145599488.00
20110428;941.20;944.70;903.03;904.15;1934849;5251372544.00
20110429;901.16;912.72;897.20;912.72;1317671;3479072512.00
20110503;911.79;923.06;907.28;922.07;1226499;3188961536.00
20110504;919.67;919.67;901.92;903.99;1270601;3320308480.00
20110505;901.48;919.60;900.35;914.59;1473808;3827690752.00
20110506;910.14;920.77;904.74;918.28;1334006;3522256128.00
20110509;920.12;935.90;920.12;931.77;1557071;3716391936.00
20110510;932.88;933.24;925.04;931.21;1267213;3183773184.00
20110511;931.51;933.28;923.26;929.95;1596040;4410316800.00
20110512;927.15;927.15;909.14;909.26;1646752;4266441984.00
20110513;909.25;912.61;897.80;909.77;1544289;3926926592.00
20110516;911.34;916.02;906.08;906.34;1332883;3472835584.00
20110517;903.98;904.48;890.36;895.15;1624413;3917310976.00
20110518;891.99;894.89;888.18;890.79;1744464;4078169856.00
20110519;891.48;895.54;883.87;884.89;1448972;3346405632.00
20110520;884.06;884.33;873.87;875.43;1416626;3351488768.00
20110523;873.31;873.59;840.65;840.90;2047422;4393330176.00
20110524;836.79;876.60;828.50;870.94;2782844;5944869376.00
20110525;867.68;867.68;842.12;842.35;2176375;4720996352.00
20110526;843.62;852.98;830.64;830.92;1741445;3719252480.00
20110527;830.61;835.87;819.87;822.94;1849514;3744635392.00
20110530;819.87;844.97;816.39;834.32;2335782;4571867136.00
20110531;836.35;846.32;828.66;846.32;2499466;5157702144.00
20110601;846.48;852.66;843.29;851.17;2358778;4868532736.00
20110602;841.52;841.52;823.10;833.74;2095702;4407383040.00
20110603;833.44;849.73;832.53;847.55;1958064;4140481280.00
20110607;845.25;848.22;842.46;847.71;1598940;3329774080.00
20110608;846.67;846.93;836.99;844.98;2043436;4330927616.00
20110609;843.58;843.58;828.02;828.02;2017611;4139096576.00
20110610;825.55;826.54;811.09;824.03;1785816;3664235008.00
20110613;820.24;833.25;811.39;829.36;1614046;3333026304.00
20110614;829.51;840.69;829.27;838.47;1703028;3507106560.00
20110615;837.54;840.54;826.94;827.53;2073052;4080174080.00
20110616;822.37;822.55;809.93;810.71;1731523;3371611904.00
20110617;809.16;813.21;801.31;802.64;1428628;2766363392.00
20110620;800.62;800.62;787.57;791.76;1477888;2876136960.00
20110621;792.00;796.85;786.33;795.61;1508401;2999277056.00
20110622;797.42;798.24;788.56;791.51;1847725;3505317120.00
20110623;790.70;815.78;783.86;814.44;3043269;5943585280.00
20110624;812.31;835.30;810.58;832.32;3506956;6994282496.00
20110627;832.62;850.39;832.62;843.86;3397416;6864338432.00
20110628;843.98;844.96;836.94;844.18;2329661;4672379392.00
20110629;844.85;850.36;836.38;836.38;2870804;5872460800.00
20110630;834.82;846.88;834.82;845.92;2412281;4891356672.00
20110701;847.54;862.34;847.54;855.27;3052681;6170353152.00
20110704;856.50;876.17;856.50;876.17;3605971;7354355200.00
20110705;877.52;885.78;876.90;883.42;3429034;7175438336.00
20110706;881.60;894.28;877.82;894.28;4005587;8639827968.00
20110707;893.60;911.87;891.73;899.80;4980368;10655699968.00
20110708;899.47;902.05;888.22;894.91;3350704;7319716352.00
20110711;894.07;903.90;889.82;903.31;3138543;6624469504.00
20110712;895.49;898.99;888.58;891.52;4134161;8670305280.00
20110713;890.30;913.09;890.30;913.09;3773358;8157267456.00
20110714;913.49;932.78;913.49;932.78;5124319;10920513536.00
20110715;935.54;951.40;933.49;951.14;6429022;13881475072.00
20110718;952.03;959.27;944.10;946.12;4886468;11029386240.00
20110719;940.42;940.42;924.09;927.30;4242889;9703353344.00
20110720;932.21;937.75;920.22;930.83;3652248;8278151168.00
20110721;930.26;930.89;915.37;915.37;3321787;7316006912.00
20110722;917.63;929.93;917.63;924.00;3272156;7457390592.00
20110725;920.85;920.85;884.10;887.06;4313444;9649921024.00
20110726;884.02;892.54;878.16;892.54;2911907;6559334400.00
20110727;890.03;917.16;883.97;915.55;3884076;9233374208.00
20110728;907.25;920.03;902.50;919.40;3749075;9080102912.00
20110729;919.53;924.84;910.24;913.28;3734791;8776328192.00
20110801;911.94;931.37;910.98;927.38;3717874;9110393856.00
20110802;923.09;932.12;905.01;932.12;4822299;11269097472.00
20110803;922.81;951.59;918.64;945.51;6078198;14886598656.00
20110804;944.83;950.03;935.42;937.48;4490789;10914950144.00
20110805;905.16;926.62;899.32;919.19;4278637;10291980288.00
20110808;908.08;913.32;859.16;877.44;4853829;11073537024.00
20110809;849.00;884.84;835.28;878.76;4248659;9836040192.00
20110810;891.22;901.86;889.86;891.75;4152964;10010491904.00
20110811;873.12;915.49;870.29;915.49;4790986;11144849408.00
20110812;920.29;932.78;920.29;926.30;4554967;10580588544.00
20110815;928.98;946.80;928.98;942.49;4478420;10679562240.00
20110816;942.95;944.87;929.79;933.14;4114517;9623867392.00
20110817;932.01;941.45;926.02;936.16;4004712;9578375168.00
20110818;934.58;935.11;915.26;915.68;3953249;9600115712.00
20110819;895.65;912.42;891.80;912.42;4432501;11689863168.00
20110822;913.61;925.39;907.86;910.61;4341367;10879154176.00
20110823;912.35;936.42;912.35;936.42;5674449;13627198464.00
20110824;940.42;954.23;939.28;940.20;6468434;16118829056.00
20110825;942.64;943.72;927.36;942.94;5311157;13266330624.00
20110826;940.53;954.72;937.97;952.81;5508088;14008182784.00
20110829;951.55;959.67;947.73;954.03;5130036;12775059456.00
20110830;957.29;960.15;933.82;934.19;4772780;11878770688.00
20110831;931.79;936.10;911.82;921.50;3969353;9851119616.00
20110901;921.97;930.19;913.16;917.75;3455754;8134803456.00
20110902;916.07;918.59;902.48;909.85;3296039;7913842176.00
20110905;902.37;902.37;883.46;883.87;3247565;7951252480.00
20110906;876.71;884.61;869.81;874.74;3094362;7730620416.00
20110907;877.87;899.61;877.78;899.61;3146188;7500403712.00
20110908;903.25;909.88;891.52;891.93;3276209;7987969024.00
20110909;889.47;895.85;877.53;881.58;2616606;6357588992.00
20110913;870.04;870.04;858.91;861.92;2287849;5421783552.00
20110914;864.08;877.04;855.34;876.95;2420365;5608070656.00
20110915;877.93;885.71;875.68;875.86;2623923;6100113920.00
20110916;878.56;883.10;873.55;874.88;2803521;6380638208.00
20110919;871.88;871.88;854.64;854.71;2374811;5182461952.00
20110920;850.97;861.18;846.03;856.81;2097516;4637953536.00
20110921;856.80;881.56;854.29;881.03;3279914;7099935232.00
20110922;876.25;879.10;852.92;852.92;3121393;6610735104.00
20110923;840.18;848.27;833.77;843.48;2640321;5394920448.00
20110926;842.00;848.82;826.83;829.35;2248383;4639543296.00
20110927;833.64;839.19;822.84;830.88;2753487;5987873280.00
20110928;834.03;838.33;814.34;817.52;2458248;5408456704.00
20110929;813.26;813.26;791.05;791.89;2625983;5528184320.00
20110930;792.76;796.48;781.79;791.13;1950389;4006546688.00
20111010;792.97;796.86;786.84;790.04;1621991;3545656320.00
20111011;806.70;812.45;778.05;786.15;2572308;5427049472.00
20111012;783.43;817.02;773.93;816.14;3644532;7659131904.00
20111013;816.53;835.63;814.63;833.02;4197492;9038527488.00
20111014;830.48;833.03;819.98;830.20;3330833;7250854400.00
20111017;832.86;839.26;826.81;832.29;3697721;8256079360.00
20111018;826.53;828.18;806.00;806.60;3930548;8528041984.00
20111019;807.21;813.95;798.80;804.44;3006662;6554715136.00
20111020;801.03;801.03;771.15;778.95;3368182;7086764544.00
20111021;777.03;779.46;760.16;763.30;2590864;5280393728.00
20111024;761.43;772.96;741.33;772.41;3335606;6612615680.00
20111025;770.84;799.10;769.29;797.86;4508874;9285783552.00
20111026;794.30;820.81;791.00;811.13;6050439;12740891648.00
20111027;810.72;821.29;807.12;810.92;5078367;10636173312.00
20111028;820.42;833.73;813.93;833.42;5755198;12072391680.00
20111031;834.30;852.80;831.50;852.80;6252855;13378506752.00
20111101;843.80;855.35;840.06;853.36;6301051;13351878656.00
20111102;837.07;881.05;833.90;881.05;8516045;18532093952.00
20111103;885.87;898.31;877.66;877.66;9918096;21954492416.00
20111104;881.62;887.67;876.44;882.25;6660408;14420357120.00
20111107;880.15;889.34;876.54;878.76;5225319;11184480256.00
20111108;878.45;879.90;861.38;862.36;5445643;11385942016.00
20111109;866.91;891.12;860.75;891.12;6883980;14462601216.00
20111110;881.69;911.73;878.99;895.27;10350637;21271797760.00
20111111;893.72;901.80;885.59;891.19;7667414;15299226624.00
20111114;899.11;917.27;899.11;915.98;8111971;17301798912.00
20111115;916.62;922.81;912.81;920.97;7390361;16086626304.00
20111116;921.30;922.07;888.88;893.51;7071703;15581014016.00
20111117;893.79;911.90;890.82;898.34;6529090;15537254400.00
20111118;892.63;892.75;868.26;869.19;6104312;13975892992.00
20111121;866.98;868.31;849.56;863.13;4658928;10562272256.00
20111122;856.20;868.48;852.04;868.43;4089330;9250623488.00
20111123;868.78;874.30;863.06;864.81;4401077;10233347072.00
20111124;856.67;874.92;852.00;868.14;4339727;9901305856.00
20111125;866.99;874.48;860.63;863.50;4199906;9380876288.00
20111128;864.38;871.28;858.46;866.84;3976936;8814185472.00
20111129;872.20;880.31;866.74;880.31;4643474;10228453376.00
20111130;878.68;878.68;824.95;838.11;5836484;12361839616.00
20111201;861.55;872.34;852.87;852.87;5721672;12628593664.00
20111202;849.18;849.18;825.08;829.18;4038192;8618163200.00
20111205;825.61;826.09;790.30;792.50;3444620;7250949120.00
20111206;788.44;801.93;783.28;798.10;3163314;6739985408.00
20111207;797.18;806.42;794.37;802.63;3027376;6383928832.00
20111208;799.49;819.97;788.62;809.43;4313035;9152577536.00
20111209;802.13;812.17;796.19;798.84;3100104;6681689088.00
20111212;798.81;803.74;789.79;790.79;2535366;5396682752.00
20111213;787.08;787.08;765.04;768.92;3434003;6930550272.00
20111214;766.18;773.77;754.32;755.76;3208381;6600589824.00
20111215;751.55;756.81;743.27;746.56;3484289;6640244736.00
20111216;745.52;778.78;745.52;778.78;4329477;8408400896.00
20111219;774.66;793.44;767.07;793.44;5077001;9994732544.00
20111220;791.82;799.66;780.92;781.42;4050591;8198643200.00
20111221;786.98;791.23;760.92;761.34;3864116;7721846272.00
20111222;754.48;767.32;727.74;757.90;4661591;8933608448.00
20111223;754.89;770.38;750.96;761.44;3634598;6986412032.00
20111226;760.67;769.92;751.61;753.05;2920371;5633031168.00
20111227;749.61;749.92;725.11;727.17;3309758;6339852288.00
20111228;721.84;721.84;700.11;717.55;3184213;5817505792.00
20111229;714.58;722.20;710.65;716.55;2826756;5237684736.00
20111230;718.03;730.53;718.03;729.50;3107814;5922429952.00
20120104;734.74;737.91;707.11;707.11;3199979;6255419904.00
20120105;700.32;701.04;665.41;666.91;4016076;7183919104.00
20120106;662.65;672.13;645.80;669.02;3237513;5678511104.00
20120109;667.86;692.42;657.18;692.42;4139809;7281459712.00
20120110;691.65;718.29;690.50;716.45;5745642;10204139520.00
20120111;715.04;728.66;710.53;717.94;4991163;9200830464.00
20120112;715.82;724.08;708.68;709.89;3943702;7527130112.00
20120113;709.05;709.63;665.26;666.08;4993608;9195454464.00
20120116;657.80;657.80;633.31;633.91;3313455;5707094528.00
20120117;630.78;664.70;623.64;662.69;4536489;7714785792.00
20120118;662.94;665.60;621.67;624.91;4788498;8235360768.00
20120119;621.65;637.02;612.28;632.80;4378062;7181056512.00
20120120;634.83;648.14;634.57;646.38;3794610;6148724224.00
20120130;649.42;660.06;644.88;651.25;3696327;6254368768.00
20120131;649.37;650.49;637.43;648.68;3122930;5195525120.00
20120201;647.49;663.27;644.58;650.78;3643957;6381268480.00
20120202;652.06;665.40;652.06;665.40;3948430;6593328128.00
20120203;665.35;681.89;663.01;680.05;5084726;8515800064.00
20120206;681.04;689.96;680.70;686.51;4913461;8371001344.00
20120207;683.88;683.88;669.54;673.68;4022295;6922644992.00
20120208;673.07;692.30;669.63;692.30;4690440;7866151936.00
20120209;692.36;705.70;690.68;697.79;5973568;10602220544.00
20120210;696.53;703.09;693.75;698.85;4682200;8154150912.00
20120213;694.24;718.67;690.53;714.96;5579600;10169381888.00
20120214;714.75;717.77;707.97;712.30;4136396;7509936640.00
20120215;711.62;724.75;707.14;724.75;5543245;9792726016.00
20120216;723.43;731.45;714.40;721.83;6034967;10910654464.00
20120217;722.62;726.94;709.23;717.80;4661936;8426793472.00
20120220;726.88;731.41;720.97;721.10;5648109;10548621312.00
20120221;719.29;736.88;713.65;736.88;6682663;12894851072.00
20120222;737.78;759.56;737.78;759.56;8969181;17076254720.00
20120223;760.67;765.42;748.62;756.90;8406383;16461541376.00
20120224;756.16;764.74;755.19;762.29;7390735;14471958528.00
20120227;763.96;771.30;760.24;760.37;8006043;15972548608.00
20120228;757.45;758.17;737.37;747.77;7978856;15831917568.00
20120229;747.22;748.09;734.24;735.34;5904584;11878245376.00
20120301;734.25;748.80;733.78;743.15;5005155;9873183744.00
20120302;743.85;757.67;743.85;757.67;5487446;10541741056.00
20120305;759.65;766.75;758.83;759.37;6271369;12583516160.00
20120306;758.08;758.72;743.61;750.84;6023767;12092240896.00
20120307;743.05;759.45;740.61;749.27;5943515;11618576384.00
20120308;751.98;764.00;751.98;761.70;5558078;10954820608.00
20120309;764.48;777.69;763.72;777.69;6901048;13933158400.00
20120312;779.51;786.05;778.51;786.05;6946632;14504777728.00
20120313;785.53;792.38;782.94;792.38;7151396;14471238656.00
20120314;795.12;799.83;750.13;756.46;10995380;22280599552.00
20120315;754.53;759.53;735.09;746.44;7483183;15366283264.00
20120316;748.05;765.56;745.35;765.56;6549302;13206207488.00
20120319;764.95;779.56;763.36;779.56;6515828;13428962304.00
20120320;777.39;777.39;755.40;755.58;6107046;12632648704.00
20120321;758.89;761.34;737.99;751.79;6039931;12464781312.00
20120322;750.45;756.35;744.89;750.85;4550955;9307821056.00
20120323;748.87;750.69;735.15;737.89;4480951;8913027072.00
20120326;735.16;742.26;731.31;737.21;3642017;7504212992.00
20120327;739.44;745.83;733.84;735.73;4024034;8327454208.00
20120328;732.68;732.68;697.51;698.49;5442515;10343206912.00
20120329;692.37;695.96;676.99;683.96;4575497;8796279808.00
20120330;682.28;686.50;673.49;678.52;4235670;7524524032.00
20120405;677.76;698.30;676.51;697.75;4398591;8139047424.00
20120406;697.86;705.38;695.65;701.90;4392632;8123334144.00
20120409;699.87;701.59;689.72;689.72;3567381;6617421824.00
20120410;686.48;697.17;672.99;697.17;4428713;8335929344.00
20120411;689.85;701.93;685.75;698.49;3932710;7289341952.00
20120412;699.42;713.25;697.74;713.12;4848404;8742501376.00
20120413;715.04;723.89;714.24;718.96;5012434;9048128512.00
20120416;714.85;719.88;712.02;716.23;3810806;7020923392.00
20120417;716.53;718.46;708.40;709.14;3916592;7205046784.00
20120418;710.14;724.03;710.10;723.46;4872801;8658684928.00
20120419;723.83;728.46;721.59;725.12;4816491;8671576064.00
20120420;724.13;728.72;720.83;728.72;4664623;8563812864.00
20120423;724.90;724.90;689.44;690.43;7329877;12184521728.00
20120424;680.61;689.88;663.92;681.53;5847302;9768646656.00
20120425;679.75;684.48;674.55;682.52;4409875;7488756736.00
20120426;683.02;685.82;673.94;678.44;3854188;6394000384.00
20120427;677.55;689.10;676.07;685.13;4055113;6645783040.00
20120502;692.35;696.42;686.18;693.61;4355691;7297611264.00
20120503;693.40;699.41;690.76;699.31;4122606;7163296256.00
20120504;699.88;713.84;699.88;713.19;5389720;9559414784.00
20120507;710.98;733.05;709.87;733.05;6120061;11365817344.00
20120508;733.83;738.52;730.55;731.72;6619395;12256105472.00
20120509;727.60;727.70;718.72;719.35;5805832;10722111488.00
20120510;718.24;730.78;718.24;727.29;5157954;9364614144.00
20120511;726.56;730.83;720.93;721.08;6002106;10597365760.00
20120514;725.52;729.67;717.94;719.87;6024591;10781062144.00
20120515;714.58;720.21;709.63;720.12;5181662;8551771136.00
20120516;718.71;722.21;709.88;709.96;4539304;7995873792.00
20120517;709.50;718.44;703.93;716.17;4652232;7831744512.00
20120518;711.69;717.27;705.25;706.22;5671257;9506850816.00
20120521;705.87;709.68;698.81;704.80;4603324;7718874112.00
20120522;706.92;714.91;706.92;714.66;4144233;7065822720.00
20120523;715.03;717.20;705.20;713.02;5134553;8355796992.00
20120524;711.69;718.02;710.07;712.58;5074632;7938728960.00
20120525;713.04;714.90;700.62;702.73;4753242;7405139456.00
20120528;699.64;707.49;686.07;706.47;4642532;6957912064.00
20120529;705.79;721.73;704.20;720.45;5517465;8614718464.00
20120530;720.57;731.28;719.14;727.19;6051260;9449500672.00
20120531;724.46;740.49;721.71;734.45;6704539;10470689792.00
20120601;733.62;739.93;730.00;734.26;6364929;10281750528.00
20120604;721.68;734.26;717.04;717.10;6180151;9890634752.00
20120605;718.11;721.57;713.58;715.93;4196363;6980780544.00
20120606;717.13;722.36;711.19;715.24;3899402;6135926784.00
20120607;721.56;725.29;709.17;711.43;4404545;7129427456.00
20120608;716.42;721.36;710.27;713.92;5113299;8438784000.00
20120611;714.12;734.50;714.12;734.50;6469825;10564126720.00
20120612;731.04;739.02;729.71;735.29;6473938;10540725248.00
20120613;735.60;746.51;735.60;746.51;7171411;11393904640.00
20120614;745.76;750.28;739.91;740.97;7100317;11173153792.00
20120615;742.38;747.30;733.33;742.27;6901456;10690937856.00
20120618;744.05;753.77;744.05;752.98;7963397;12661066752.00
20120619;751.27;752.77;746.09;747.49;8450025;13676334080.00
20120620;747.64;751.90;746.03;748.39;8516857;13382779904.00
20120621;746.61;746.61;732.17;739.05;7793460;12077731840.00
20120625;736.18;736.18;720.47;720.60;6650404;10246996992.00
20120626;716.30;719.33;703.03;715.92;6050190;9346808832.00
20120627;715.52;728.54;715.38;718.93;6893909;11153945600.00
20120628;719.09;723.07;710.90;711.14;7400715;11543261184.00
20120629;708.11;726.68;705.86;726.68;7104600;10943667200.00
20120702;730.77;744.96;730.76;741.19;7743385;12662420480.00
20120703;742.20;751.36;739.92;743.90;9347557;15016558592.00
20120704;744.70;747.84;736.90;739.62;7965050;12651426816.00
20120705;738.49;738.49;721.36;724.31;7451569;12658470912.00
20120706;727.69;737.69;712.44;737.29;8229852;13946958848.00
20120709;733.66;737.79;721.60;722.28;7618162;12513336320.00
20120710;719.89;721.81;710.73;713.53;7035974;11258740736.00
20120711;710.89;719.30;706.72;719.30;5668274;9289323520.00
20120712;718.62;735.70;717.20;734.32;7327214;12010071040.00
20120713;731.49;736.46;722.65;725.79;7484220;11769922560.00
20120716;722.82;722.82;691.23;691.39;8277827;12381728768.00
20120717;687.74;697.00;686.11;697.00;5490463;8135859712.00
20120718;695.92;702.17;684.30;702.14;6205299;9330485248.00
20120719;701.23;714.92;698.48;709.17;7086094;10606736384.00
20120720;707.83;714.15;704.87;706.25;5726629;8561981952.00
20120723;703.20;708.21;697.69;704.57;5174113;7928103424.00
20120724;700.58;712.11;698.39;706.40;5225362;7916527104.00
20120725;704.70;715.97;703.35;708.30;6079427;9581916160.00
20120726;707.77;717.76;704.97;706.73;5454038;9334447104.00
20120727;707.97;711.57;698.18;703.58;5414012;9297520640.00
20120730;703.70;707.63;685.84;688.47;5253858;8081163264.00
20120731;686.54;687.69;672.28;676.96;4853301;7268195328.00
20120801;677.53;694.54;676.34;689.49;4694356;7264237056.00
20120802;688.33;694.83;684.20;690.98;4952914;8007464448.00
20120803;691.79;711.93;690.26;711.93;6116857;9951736832.00
20120806;708.26;731.39;706.83;730.42;7449598;12166360064.00
20120807;729.63;737.58;729.44;736.01;7168251;12394072064.00
20120808;734.88;734.88;723.98;730.07;5817704;9512718336.00
20120809;729.50;743.23;727.70;743.20;7047415;11361188864.00
20120810;743.29;744.84;736.55;743.07;6130295;9977134080.00
20120813;742.38;742.38;726.93;727.64;6153185;9743977472.00
20120814;726.84;736.45;714.65;736.35;6321177;9961434112.00
20120815;734.87;736.28;728.49;729.73;5061584;8380068864.00
20120816;728.66;730.13;720.72;723.53;4190765;6519141376.00
20120817;721.33;723.20;714.02;721.05;4587319;7575894016.00
20120820;718.14;732.67;713.15;730.87;5226300;7873941504.00
20120821;730.29;752.78;729.99;748.94;8531240;12839672832.00
20120822;749.00;756.53;743.61;746.85;8927210;13830392832.00
20120823;745.47;751.71;741.38;750.56;8967547;13400264704.00
20120824;747.73;750.36;733.31;733.31;7938355;11822662656.00
20120827;731.67;731.67;721.20;722.57;6616475;9809826816.00
20120828;720.83;733.13;717.53;727.62;6369417;9864505344.00
20120829;726.70;736.74;722.82;726.94;7768386;11864800256.00
20120830;727.21;729.05;692.14;704.04;9026271;13884425216.00
20120831;701.37;710.02;698.62;706.63;5713335;8490187776.00
20120903;703.81;725.17;701.70;723.87;6550695;10114033664.00
20120904;724.70;732.36;721.52;722.72;7726658;11831121920.00
20120905;721.07;732.77;719.34;730.62;7974380;11487495168.00
20120906;732.46;739.74;731.24;739.74;8159590;11740805120.00
20120907;744.65;764.45;744.24;759.46;13543457;19814879232.00
20120910;759.69;765.31;756.03;762.31;11740557;17374341120.00
20120911;761.55;762.51;756.77;761.73;10596146;15177980928.00
20120912;763.05;766.52;754.32;762.51;9339447;13624421376.00
20120913;761.78;764.36;749.89;749.89;9173258;13205102592.00
20120914;753.60;756.20;738.95;744.47;8116033;11716486144.00
20120917;742.69;742.69;724.15;724.15;6607894;9249357824.00
20120918;722.38;730.36;720.45;723.61;5238138;7477219840.00
20120919;724.89;730.30;723.64;728.25;5185624;7229563904.00
20120920;727.96;727.96;704.91;706.69;7233442;10191954944.00
20120921;703.42;706.52;689.54;691.14;5853244;8191401472.00
20120924;685.99;695.19;678.35;690.34;4778873;6574087168.00
20120925;688.21;693.76;680.65;682.34;4456482;6326871040.00
20120926;680.47;682.67;660.12;661.49;4785551;6489854976.00
20120927;662.78;680.48;662.78;676.96;5945532;8161648640.00
20120928;674.19;691.06;671.61;689.64;5422737;7332234240.00
20121008;690.35;693.64;686.27;690.77;4349179;6159034368.00
20121009;691.39;712.78;691.39;712.70;7160979;9896807424.00
20121010;712.15;722.52;709.92;721.85;7759452;10888651776.00
20121011;720.39;724.70;711.63;711.80;7193188;10103316480.00
20121012;711.83;721.26;700.97;708.87;5987717;8358520832.00
20121015;706.23;707.13;694.12;701.96;6047798;8292545024.00
20121016;700.94;711.87;698.97;705.39;5172678;7118673920.00
20121017;706.09;711.41;701.64;709.09;4990477;6479669760.00
20121018;709.29;721.68;709.29;720.52;6401506;8488527360.00
20121019;720.85;722.61;715.92;719.45;5538692;7311277056.00
20121022;716.53;724.29;714.70;724.28;4823413;6624268800.00
20121023;723.83;725.38;710.55;711.26;5466438;7625221632.00
20121024;707.31;713.96;704.41;707.75;4503437;6164860928.00
20121025;707.88;710.98;696.45;697.44;5334304;6885203456.00
20121026;695.89;697.46;680.91;685.33;5193825;6962719232.00
20121029;684.34;691.60;682.76;688.12;3560575;4970390528.00
20121030;688.51;694.67;687.79;689.61;3599959;4842596352.00
20121031;689.63;691.65;685.05;691.65;3571402;4797870592.00
20121101;692.06;702.95;692.06;701.78;5259020;7205083648.00
20121102;702.03;703.13;697.06;701.38;4204743;5825715712.00
20121105;700.11;703.46;690.94;692.87;4639898;6375225344.00
20121106;693.36;693.37;679.96;690.50;5455889;7189586432.00
20121107;689.79;692.58;686.61;689.75;4386247;5742192128.00
20121108;684.89;685.45;675.76;675.85;4815109;6110955520.00
20121109;674.59;679.02;671.69;672.67;4163753;5322674176.00
20121112;674.76;681.30;671.63;676.60;4382155;5874602496.00
20121113;676.26;676.38;666.34;667.33;4886383;6803796992.00
20121114;666.40;667.78;657.58;665.19;4510091;6310718976.00
20121115;662.90;667.87;657.35;659.21;4555696;6158166016.00
20121116;659.38;660.11;653.02;656.20;4490723;5846868480.00
20121119;654.78;657.38;647.87;656.94;4604529;5909832704.00
20121120;657.40;661.24;656.08;656.61;5259807;6688985600.00
20121121;656.44;661.89;646.64;660.03;5876733;7191149568.00
20121122;659.13;659.20;650.39;651.83;4934022;6072164352.00
20121123;652.94;656.36;650.27;651.43;5051590;6264629248.00
20121126;651.06;651.06;638.38;638.88;4251120;5362886656.00
20121127;635.26;635.26;615.59;616.28;5938245;7055560192.00
20121128;611.91;611.91;605.69;607.67;4225699;4823148032.00
20121129;607.17;611.89;601.18;603.17;4185996;4654643712.00
20121130;602.95;608.54;601.05;606.77;3821376;4240510464.00
20121203;605.60;607.25;593.20;593.66;4334761;4661747200.00
20121204;592.40;601.50;585.44;600.80;4819209;5175263744.00
20121205;599.45;627.85;597.76;624.82;7126108;8027333632.00
20121206;625.16;630.22;619.49;624.32;5574226;6030375424.00
20121207;624.15;638.17;622.22;637.49;7409448;8041908224.00
20121210;638.24;647.54;636.17;646.32;9109238;9947911168.00
20121211;645.25;646.79;640.69;641.17;7556457;8235945472.00
20121212;639.91;640.93;631.14;639.51;7066769;8221285888.00
20121213;638.09;641.17;631.19;632.18;6302316;7262010368.00
20121214;631.45;656.59;631.22;656.22;10223857;11846290432.00
20121217;656.75;658.39;646.27;649.61;8774594;10498169856.00
20121218;648.56;654.35;643.05;646.05;8205784;9741139968.00
20121219;645.14;654.41;644.97;652.10;7097528;8524705792.00
20121220;652.04;658.31;648.49;658.31;9026823;11318267904.00
20121221;658.54;670.81;655.63;668.09;10835753;14339456000.00
20121224;666.28;679.76;665.88;679.76;9262876;13112773632.00
20121225;679.57;695.91;678.82;694.12;12040809;16555550720.00
20121226;693.29;709.08;691.99;709.08;12975128;18161235968.00
20121227;709.91;712.85;699.37;699.57;12521587;17619947520.00
20121228;698.91;707.67;694.77;707.67;9936140;14345196544.00
20121231;708.24;713.86;703.62;713.86;9208257;13917797376.00
20130104;717.30;718.39;699.17;705.34;10144828;15154004992.00
20130107;704.37;718.12;702.39;718.12;10828472;15829226496.00
20130108;718.43;735.34;716.30;733.14;13556817;19833145344.00
20130109;732.01;740.64;727.91;734.51;13175455;18678321152.00
20130110;734.31;743.55;734.31;741.18;11541677;16211094528.00
20130111;740.90;746.04;730.40;731.59;13876465;20569313280.00
20130114;735.65;761.73;735.18;760.55;14605320;22010695680.00
20130115;763.63;781.42;763.63;778.60;17366908;25882933248.00
20130116;777.04;779.93;762.04;774.49;13673648;20057534464.00
20130117;773.79;775.82;767.49;768.31;10598854;15815665664.00
20130118;771.31;787.50;771.31;787.39;10860702;16637221888.00
20130121;788.07;793.23;783.42;792.60;10446622;16241300480.00
20130122;792.31;792.55;769.09;775.14;11331764;17303310336.00
20130123;773.74;779.56;765.36;778.48;9171227;14057891840.00
20130124;778.64;784.32;750.36;757.87;11159146;16720369664.00
20130125;757.61;766.78;756.61;762.85;7258003;10749982720.00
20130128;764.09;784.76;764.09;784.76;8328960;12456329216.00
20130129;785.76;795.07;785.76;791.67;9819117;15013086208.00
20130130;791.96;792.77;778.30;783.68;9572741;14417986560.00
20130131;784.11;784.11;771.15;776.01;9124011;13519128576.00
20130201;775.11;785.52;772.94;782.36;8442919;12554439680.00
20130204;783.74;786.56;767.85;771.90;9158984;13392111616.00
20130205;768.41;781.57;765.97;780.98;7394332;11308108800.00
20130206;781.32;794.50;781.32;791.26;7177630;10775901184.00
20130207;792.86;806.31;789.37;805.59;7153997;11240182784.00
20130208;804.96;824.31;804.96;823.03;8513248;13504165888.00
20130218;829.66;835.66;825.95;835.28;10496588;15841476608.00
20130219;834.97;835.41;816.96;819.71;9619500;14588090368.00
20130220;819.03;850.86;819.03;850.86;10784608;16691666944.00
20130221;846.64;853.27;829.60;839.30;12723522;18881642496.00
20130222;837.13;848.16;836.87;838.76;9580222;13950874624.00
20130225;838.88;857.85;838.88;855.69;10134053;15521523712.00
20130226;853.28;865.80;849.94;851.22;11871814;19095373824.00
20130227;852.13;856.12;835.94;846.09;10080143;15728186368.00
20130228;846.34;861.10;844.20;861.10;10356164;16057695232.00
20130301;860.80;885.18;859.83;884.89;13695510;21383831552.00
20130304;880.25;888.79;855.05;863.50;13807495;21720938496.00
20130305;861.23;888.32;857.54;888.10;10776581;17242796032.00
20130306;890.23;905.16;890.23;902.90;13402306;21524629504.00
20130307;902.41;902.41;867.87;877.34;12172461;19729752064.00
20130308;877.73;882.14;861.81;864.70;8671512;13639058432.00
20130311;863.12;872.18;858.04;869.15;6526881;10446735360.00
20130312;869.72;873.47;828.04;839.84;10783893;16449534976.00
20130313;835.46;836.28;821.35;834.05;7152213;10652182528.00
20130314;832.29;845.60;831.57;842.04;6051635;9546545152.00
20130315;841.71;867.87;839.58;853.91;7882427;12735342592.00
20130318;852.15;862.82;850.10;852.12;6612163;10568657920.00
20130319;850.06;854.25;829.19;842.69;6628980;10474873856.00
20130320;842.71;866.27;842.58;866.27;7972105;12451496960.00
20130321;867.90;885.98;866.68;882.73;9362198;15108823040.00
20130322;881.90;884.24;876.92;882.00;7336864;11724414976.00
20130325;882.75;884.85;874.01;881.76;6744977;10735081472.00
20130326;878.56;879.85;862.67;876.36;7059627;11288552448.00
20130327;876.55;885.77;874.25;882.75;6436412;10401603584.00
20130328;877.85;877.85;861.65;867.51;7385805;11886965760.00
20130329;868.09;872.78;860.96;866.46;5532532;9101844480.00
20130401;866.65;879.92;865.98;877.00;5866251;9972400128.00
20130402;875.33;883.15;843.21;845.16;7456575;12862229504.00
20130403;842.36;845.49;827.27;835.14;6106939;9845919744.00
20130408;824.78;853.62;817.35;853.48;6575442;10564593664.00
20130409;854.51;864.12;853.94;861.99;5703842;9177426944.00
20130410;861.27;861.91;843.10;850.53;5556804;8865507328.00
20130411;853.14;855.96;847.39;847.78;4771678;7235177984.00
20130412;847.20;854.22;845.85;846.61;4371018;6728067072.00
20130415;844.11;845.75;834.01;836.34;3993101;6128636928.00
20130416;828.94;846.05;824.84;846.05;4382004;6647623168.00
20130417;845.09;867.51;844.92;867.51;5291209;8736040960.00
20130418;862.70;876.00;860.72;873.48;6084981;9963130880.00
20130419;874.88;895.87;874.88;892.21;8028408;13077397504.00
20130422;890.93;916.02;889.26;916.02;8193787;14337879040.00
20130423;916.42;916.54;892.11;893.79;8480976;14524450816.00
20130424;894.69;925.01;894.69;923.41;8772878;15710853120.00
20130425;924.22;937.56;903.61;903.63;10505929;19587080192.00
20130426;902.00;904.30;886.40;889.38;7160700;12785017856.00
20130502;887.08;914.17;883.79;913.65;5383285;10506943488.00
20130503;916.01;940.28;916.01;939.21;7910952;14597166080.00
20130506;941.09;962.63;941.09;958.02;10341541;18598537216.00
20130507;956.42;964.71;949.84;957.44;9122569;15957870592.00
20130508;960.98;980.08;960.70;980.08;10723616;18857277440.00
20130509;978.94;994.27;978.07;992.16;13408967;23758632960.00
20130510;989.15;996.59;977.43;988.30;12371031;21310412800.00
20130513;989.37;995.25;978.72;995.11;10894688;18306508800.00
20130514;992.62;992.62;971.35;976.33;10262555;17409347584.00
20130515;976.95;1012.67;976.95;1012.66;11464506;19375781888.00
20130516;1010.95;1034.35;999.49;1009.53;16214896;27452932096.00
20130517;1006.47;1029.11;1004.42;1023.40;13263336;21290102784.00
20130520;1025.17;1052.70;1025.17;1051.65;16894820;27767130112.00
20130521;1049.60;1074.89;1045.46;1073.58;17795689;29065637888.00
20130522;1067.44;1067.50;1036.31;1039.81;17050076;27248621568.00
20130523;1035.31;1061.53;1033.12;1042.90;14146082;22701936640.00
20130524;1044.29;1073.78;1044.29;1073.78;15023081;24297488384.00
20130527;1075.83;1091.25;1075.83;1089.72;16132261;26457536512.00
20130528;1089.77;1090.16;1055.64;1059.00;15413444;23989071872.00
20130529;1055.60;1067.03;1053.18;1065.96;11569456;17909071872.00
20130530;1063.00;1078.46;1059.83;1073.87;12702507;20346191872.00
20130531;1074.48;1086.33;1068.07;1073.02;14032823;22499563520.00
20130603;1070.73;1074.82;1050.21;1052.14;12668299;21331220480.00
20130604;1049.10;1049.26;1011.40;1022.46;12745387;20321665024.00
20130605;1021.02;1038.03;1021.02;1032.76;9397943;14973285376.00
20130606;1027.05;1031.36;1020.83;1022.13;9843383;15174045696.00
20130607;1022.56;1039.65;1018.45;1030.14;10557897;16621046784.00
20130613;1019.47;1029.28;986.05;1029.28;9936155;16138304512.00
20130614;1029.93;1069.81;1029.93;1068.15;11803686;20003010560.00
20130617;1074.53;1091.91;1068.61;1073.69;13475017;23780827136.00
20130618;1073.31;1078.53;1053.33;1072.93;11576012;19697598464.00
20130619;1064.74;1070.35;1053.80;1067.63;10743146;17854935040.00
20130620;1060.38;1067.95;1027.84;1029.53;11540617;18814142464.00
20130621;1007.87;1030.13;988.22;1025.50;11389660;17502572544.00
20130624;1023.22;1023.22;961.84;971.45;12623825;19105261568.00
20130625;958.35;991.64;903.67;984.75;15317767;23112777728.00
20130626;984.94;1039.01;984.88;1038.98;16903147;26334158848.00
20130627;1043.66;1063.02;1020.46;1022.50;17666647;28082190336.00
20130628;1012.64;1037.42;1002.19;1011.66;12387924;19117441024.00
20130701;1011.27;1055.84;1005.80;1055.84;12474594;19904761856.00
20130702;1056.91;1086.40;1056.91;1083.25;15790757;26463344640.00
20130703;1079.65;1108.49;1065.51;1104.58;16168071;27607494656.00
20130704;1097.77;1105.79;1085.40;1087.90;14852731;24740087808.00
20130705;1087.69;1091.82;1057.13;1057.27;13408042;21923590144.00
20130708;1035.94;1057.04;1015.67;1030.60;12582243;18990872576.00
20130709;1028.56;1051.51;1026.46;1050.72;10557293;16838216704.00
20130710;1049.21;1069.39;1048.73;1068.86;12160100;19681980416.00
20130711;1066.70;1082.78;1057.44;1080.78;13950763;21739331584.00
20130712;1079.33;1117.69;1077.31;1096.30;15481149;25711349760.00
20130715;1096.19;1139.57;1096.19;1139.57;17356196;29363380224.00
20130716;1141.57;1153.07;1129.74;1143.20;17169449;27951026176.00
20130717;1140.73;1149.47;1118.85;1129.48;17598208;28429379584.00
20130718;1124.79;1138.09;1118.63;1127.97;16214187;25474945024.00
20130719;1125.77;1156.09;1116.01;1116.01;18433527;29472645120.00
20130722;1109.96;1153.77;1107.34;1153.77;15878729;25835331584.00
20130723;1161.08;1179.46;1160.45;1178.59;19928651;32615856128.00
20130724;1181.36;1208.13;1177.59;1203.31;20958971;34708635648.00
20130725;1205.62;1207.23;1148.81;1150.39;20110375;33801043968.00
20130726;1150.25;1166.21;1133.16;1158.35;14411688;24185317376.00
20130729;1155.81;1168.47;1136.40;1136.98;13991334;23761195008.00
20130730;1137.15;1147.02;1095.65;1124.10;13415517;22088372224.00
20130731;1126.10;1143.37;1117.34;1134.02;11352306;18354384896.00
20130801;1135.45;1191.12;1135.45;1190.11;16891922;27429799936.00
20130802;1196.17;1208.33;1187.31;1188.85;19517891;31209883648.00
20130805;1186.73;1202.83;1182.54;1202.83;16244668;25389410304.00
20130806;1202.09;1219.12;1200.69;1211.78;16970664;28006711296.00
20130807;1208.50;1209.37;1173.26;1175.70;16533909;27025319936.00
20130808;1172.09;1195.92;1165.32;1185.96;12980114;21070532608.00
20130809;1185.64;1194.78;1153.45;1172.52;14222932;23022667776.00
20130812;1174.09;1185.37;1146.02;1161.87;14338272;23048910848.00
20130813;1161.49;1180.61;1151.68;1172.33;13353812;20796631040.00
20130814;1175.63;1186.29;1160.02;1180.66;16202466;25033859072.00
20130815;1177.85;1184.40;1165.77;1167.09;15192214;23629228032.00
20130816;1158.96;1178.84;1131.44;1132.09;15946678;24698322944.00
20130819;1126.64;1172.03;1125.59;1171.40;13073910;21206251520.00
20130820;1170.99;1180.99;1164.38;1175.78;15348980;24397279232.00
20130821;1173.61;1185.54;1169.49;1181.34;14205580;22532618240.00
20130822;1180.19;1204.59;1178.41;1197.13;15582737;25670354944.00
20130823;1200.68;1225.89;1188.82;1219.83;18475567;32292450304.00
20130826;1220.98;1241.47;1220.58;1238.17;15475788;26959400960.00
20130827;1238.27;1251.04;1226.38;1250.75;15101603;25907142656.00
20130828;1244.01;1253.40;1228.00;1228.00;16908632;29987170304.00
20130829;1224.61;1236.46;1217.52;1226.30;12459208;21806229504.00
20130830;1221.87;1226.36;1181.89;1185.15;15474750;25330360320.00
20130902;1179.32;1210.53;1178.01;1210.19;9910558;17221801984.00
20130903;1217.77;1234.59;1214.30;1234.59;10850674;19774683136.00
20130904;1233.50;1245.78;1227.32;1236.35;11878652;21525059584.00
20130905;1233.82;1267.53;1233.26;1267.26;13692141;25634555904.00
20130906;1267.84;1288.26;1261.58;1282.75;14537532;26119628800.00
20130909;1282.65;1283.70;1258.13;1275.91;15545329;28535402496.00
20130910;1277.87;1278.04;1254.01;1263.59;14939381;26942617600.00
20130911;1256.66;1256.66;1216.37;1220.71;16208156;26570358784.00
20130912;1215.69;1236.59;1211.60;1220.63;10582306;17855035392.00
20130913;1221.15;1256.04;1210.40;1253.45;11193164;20388632576.00
20130916;1254.47;1297.64;1254.47;1278.80;12435700;24339519488.00
20130917;1279.26;1285.63;1267.71;1269.36;11536022;21436215296.00
20130918;1268.34;1292.33;1262.33;1289.64;11226571;20341102592.00
20130923;1292.76;1326.41;1291.33;1326.09;15010865;26553438208.00
20130924;1325.89;1340.52;1310.33;1328.40;16213363;29200128000.00
20130925;1324.19;1344.39;1320.11;1323.04;14115350;26173976576.00
20130926;1318.52;1332.12;1301.14;1306.34;13170773;24308920320.00
20130927;1305.51;1330.69;1301.48;1323.76;12841526;23197798400.00
20130930;1329.56;1368.66;1329.56;1367.91;11271965;22024208384.00
20131008;1376.37;1389.73;1363.90;1387.66;14307748;28890810368.00
20131009;1385.96;1418.48;1382.10;1415.83;15712792;31598180352.00
20131010;1422.36;1423.97;1377.32;1378.15;17595100;35573186560.00
20131011;1377.98;1386.54;1357.49;1379.90;15418385;30153476096.00
20131014;1374.47;1394.34;1370.72;1393.60;15929058;29836716032.00
20131015;1397.21;1409.50;1378.81;1389.75;17424881;32699932672.00
20131016;1393.01;1393.10;1323.87;1335.10;16294064;31582304256.00
20131017;1339.31;1355.65;1317.75;1322.99;16227186;29471258624.00
20131018;1327.10;1353.97;1327.10;1349.94;13405969;24821760000.00
20131021;1358.88;1403.11;1358.88;1400.97;17347150;31820222464.00
20131022;1401.47;1408.46;1348.69;1350.47;21904618;40047493120.00
20131023;1336.23;1336.23;1293.82;1311.23;17911764;31975895040.00
20131024;1307.11;1319.37;1287.88;1295.93;12197037;22412683264.00
20131025;1298.72;1304.49;1255.59;1269.17;14500064;26000580608.00
20131028;1264.14;1286.00;1262.34;1279.05;12298115;21853784064.00
20131029;1276.27;1292.97;1205.00;1261.68;17475129;29907228672.00
20131030;1256.24;1274.34;1251.01;1273.29;12776898;23099449344.00
20131031;1266.56;1266.56;1232.40;1235.56;11966456;21578768384.00
20131101;1227.69;1233.57;1198.81;1221.96;11666154;21308018688.00
20131104;1217.28;1240.88;1216.85;1222.46;10090941;18139619328.00
20131105;1217.64;1260.37;1208.35;1260.03;12312914;21556760576.00
20131106;1255.47;1277.43;1241.76;1241.79;13869196;25085128704.00
20131107;1234.24;1250.57;1219.31;1224.05;10827570;18638215168.00
20131108;1215.68;1226.32;1204.52;1211.11;10027417;17887410176.00
20131111;1208.26;1223.77;1191.18;1212.69;9151372;16533169152.00
20131112;1213.31;1233.19;1209.54;1228.35;11849087;20715921408.00
20131113;1226.53;1236.39;1210.66;1212.08;11896718;20988614656.00
20131114;1207.45;1251.77;1200.71;1249.67;14711835;26829193216.00
20131115;1248.26;1287.08;1248.07;1269.05;17592110;32555853824.00
20131118;1275.55;1295.21;1275.55;1291.15;17372801;30896439296.00
20131119;1293.06;1312.07;1289.91;1298.17;17254948;30573383680.00
20131120;1299.68;1303.45;1283.66;1299.26;14999286;26687563776.00
20131121;1295.93;1304.74;1288.21;1298.95;15510614;28426135552.00
20131122;1298.47;1300.96;1283.88;1295.07;13785260;25550045184.00
20131125;1290.84;1305.23;1283.66;1293.80;13616777;25799723008.00
20131126;1291.62;1299.67;1280.01;1291.85;14632953;28137758720.00
20131127;1290.19;1336.17;1288.58;1329.48;17314918;34545827840.00
20131128;1333.05;1342.82;1331.45;1336.66;17112566;33145298944.00
20131129;1335.63;1369.12;1335.63;1366.83;20077894;39800758272.00
20131202;1296.70;1317.69;1253.34;1253.93;22464031;39743893504.00
20131203;1223.38;1261.77;1198.06;1255.33;19229991;33871628288.00
20131204;1249.59;1276.06;1240.08;1240.29;17508512;30552014848.00
20131205;1234.50;1236.10;1200.46;1202.07;15902429;27278839808.00
20131206;1196.32;1215.49;1194.75;1206.78;11847877;20512667648.00
20131209;1211.39;1241.77;1211.39;1241.72;12274145;22353358848.00
20131210;1244.57;1249.36;1227.06;1231.92;12573792;22076489728.00
20131211;1230.78;1255.06;1226.58;1244.51;11848543;21532585984.00
20131212;1242.15;1285.27;1238.95;1279.32;13711614;26085523456.00
20131213;1274.17;1286.72;1268.65;1278.14;13409044;24546904064.00
20131216;1279.06;1293.94;1266.94;1279.96;14699192;26431791104.00
20131217;1278.53;1282.17;1248.82;1267.67;13695909;23406495744.00
20131218;1267.77;1267.77;1245.96;1256.00;12548336;21614483456.00
20131219;1253.43;1281.82;1253.43;1256.08;12168729;22139764736.00
20131220;1255.82;1266.03;1246.39;1253.71;10887876;19358593024.00
20131223;1251.41;1253.67;1224.99;1242.81;11405589;20263745536.00
20131224;1242.00;1264.72;1241.91;1258.82;12160292;21672404992.00
20131225;1262.00;1288.85;1258.41;1288.34;15466452;28048334848.00
20131226;1290.87;1297.47;1268.14;1269.54;15968421;29526120448.00
20131227;1265.08;1297.62;1265.08;1294.30;16428741;28802875392.00
20131230;1294.42;1307.99;1292.83;1307.99;17242559;29918078976.00
20131231;1302.67;1309.34;1288.94;1304.44;14670009;25925101568.00
20140102;1302.30;1333.10;1299.34;1333.00;16376142;28859387904.00
20140103;1332.35;1355.12;1331.97;1352.84;19116662;33475250176.00
20140106;1350.31;1354.15;1322.72;1323.33;17027572;30196224000.00
20140107;1315.44;1355.40;1312.27;1352.28;14884362;25625233408.00
20140108;1363.31;1409.21;1363.31;1405.02;22492878;42087665664.00
20140109;1401.80;1423.84;1379.65;1380.24;20653469;39430127616.00
20140110;1373.52;1385.86;1347.61;1353.30;13861382;24539396096.00
20140113;1352.01;1374.15;1349.25;1362.79;12307289;22095708160.00
20140114;1364.80;1400.92;1364.80;1400.92;15252891;26575872000.00
20140115;1399.67;1417.42;1397.95;1415.32;16945264;30011791360.00
20140116;1415.57;1423.12;1392.01;1395.16;17455991;31597408256.00
20140117;1395.03;1411.55;1391.62;1395.51;15810389;28223385600.00
20140120;1393.88;1400.94;1362.45;1372.74;16202711;28485300224.00
20140121;1370.69;1407.45;1370.69;1407.15;17582378;32114014208.00
20140122;1407.46;1432.00;1407.46;1431.74;20805985;39733305344.00
20140123;1433.70;1472.34;1433.17;1461.53;22799105;44890746880.00
20140124;1458.21;1493.64;1455.95;1484.43;22093328;44243628032.00
20140127;1477.46;1500.46;1465.14;1477.67;20450627;41782980608.00
20140128;1476.59;1486.42;1448.47;1471.34;16541491;34476281856.00
20140129;1472.54;1497.72;1469.58;1496.53;16506821;34668826624.00
20140130;1494.12;1507.87;1486.82;1495.98;14843349;32870320128.00
20140207;1489.05;1532.82;1483.69;1532.69;15892295;34163191808.00
20140210;1536.99;1557.03;1525.94;1553.42;21682497;46050689024.00
20140211;1550.62;1559.77;1506.04;1527.15;22927987;47991283712.00
20140212;1527.10;1540.33;1513.91;1539.97;21319228;44951646208.00
20140213;1537.26;1539.66;1484.42;1485.13;22065731;47121498112.00
20140214;1484.56;1516.43;1475.95;1515.78;17613823;37157064704.00
20140217;1521.17;1559.12;1521.17;1558.62;21744953;46446260224.00
20140218;1558.74;1561.77;1539.21;1545.34;22319417;47633084416.00
20140219;1544.64;1551.88;1524.39;1544.40;20648878;42963517440.00
20140220;1545.26;1545.51;1504.17;1515.16;18896407;40257703936.00
20140221;1512.17;1526.03;1503.81;1519.67;14334863;31613417472.00
20140224;1517.97;1542.31;1510.46;1540.03;16353711;37284012032.00
20140225;1543.97;1571.40;1460.41;1472.69;25248335;57281667072.00
20140226;1452.06;1468.00;1415.25;1465.99;16707338;36270116864.00
20140227;1467.27;1496.62;1410.97;1414.66;17271362;38015356928.00
20140228;1410.40;1436.88;1393.00;1434.89;13321363;29443127296.00
20140303;1433.90;1466.23;1431.14;1465.14;13234945;29790128128.00
20140304;1462.26;1475.50;1446.27;1460.45;13269342;30992717824.00
20140305;1467.06;1471.04;1454.94;1464.58;12673360;28520046592.00
20140306;1461.12;1464.41;1427.00;1462.53;13201713;31236163584.00
20140307;1463.93;1477.96;1453.63;1460.61;13195195;30562617344.00
20140310;1446.06;1446.06;1404.59;1407.07;13398525;27597053952.00
20140311;1399.90;1410.38;1380.97;1395.81;11194251;23542243328.00
20140312;1390.86;1418.61;1378.89;1399.27;11410842;24447971328.00
20140313;1401.55;1437.15;1401.43;1436.86;9633420;20801122304.00
20140314;1433.46;1450.38;1424.01;1434.02;9565163;21222461440.00
20140317;1436.11;1477.68;1435.32;1477.42;11510241;24591357952.00
20140318;1479.38;1493.39;1478.72;1485.64;13605173;30450624512.00
20140319;1481.49;1482.30;1456.90;1466.22;12309232;27095508992.00
20140320;1463.07;1466.42;1417.17;1417.66;13673304;29000947712.00
20140321;1405.90;1427.92;1379.74;1419.84;12203934;25094279168.00
20140324;1411.78;1416.86;1392.51;1397.29;11350111;23877523456.00
20140325;1392.14;1410.48;1385.00;1394.82;9708193;19931201536.00
20140326;1396.91;1424.25;1396.91;1417.61;10503642;21327142912.00
20140327;1415.55;1417.36;1367.96;1367.96;11704150;23262464000.00
20140328;1363.87;1364.26;1317.41;1330.50;12565198;23828629504.00
20140331;1327.23;1340.47;1315.49;1327.80;8067195;15752434688.00
20140401;1327.18;1355.74;1326.25;1355.05;8320095;16861152256.00
20140402;1356.68;1360.88;1316.90;1327.98;8936018;18435670016.00
20140403;1326.81;1344.32;1318.82;1326.18;8771988;17490591744.00
20140404;1323.41;1347.05;1316.95;1346.74;8297504;16559165440.00
20140408;1335.39;1351.83;1327.80;1351.18;9691708;18769569792.00
20140409;1355.37;1376.69;1355.37;1370.46;11938833;23813203968.00
20140410;1374.61;1395.04;1374.61;1381.14;14063900;28469202944.00
20140411;1370.40;1370.40;1352.13;1363.90;10808003;21014579200.00
20140414;1367.75;1378.32;1367.75;1372.73;9870846;19380641792.00
20140415;1375.69;1380.86;1367.23;1369.89;9744830;19139205120.00
20140416;1365.83;1367.91;1353.78;1359.30;8503591;16170488832.00
20140417;1360.75;1373.85;1360.75;1367.59;8546019;16434265088.00
20140418;1365.36;1377.84;1362.61;1377.42;8829689;16940392448.00
20140421;1367.93;1384.69;1363.01;1363.85;9889346;19932604416.00
20140422;1361.58;1367.63;1317.10;1336.19;10385272;20623759360.00
20140423;1332.93;1338.67;1318.24;1326.44;7666299;15531985920.00
20140424;1325.86;1326.96;1303.23;1319.51;8919226;17928550400.00
20140425;1316.37;1318.07;1290.36;1291.90;8835224;16760297472.00
20140428;1283.64;1283.87;1256.12;1257.26;9609466;17432756224.00
20140429;1253.24;1274.21;1248.32;1266.54;7814229;14506907648.00
20140430;1266.34;1287.77;1266.34;1283.21;7374832;13606328320.00
20140505;1281.16;1302.68;1279.31;1302.15;7805789;14705576960.00
20140506;1301.59;1327.80;1301.59;1316.86;9736761;18881607680.00
20140507;1313.38;1313.38;1289.56;1290.03;9100635;17165532160.00
20140508;1284.44;1300.83;1279.29;1279.84;8548140;15493596160.00
20140509;1279.68;1282.82;1249.56;1258.58;8506314;15061423104.00
20140512;1263.92;1281.10;1250.94;1278.28;8980389;15835034624.00
20140513;1274.57;1293.82;1273.33;1276.24;9329826;16388922368.00
20140514;1273.21;1282.35;1269.24;1278.66;8878107;15697816576.00
20140515;1276.64;1283.43;1253.62;1253.88;10236024;18930286592.00
20140516;1250.38;1252.39;1210.81;1226.47;9953688;17949372416.00
20140519;1224.65;1233.84;1213.99;1228.37;8545538;14563387392.00
20140520;1239.65;1261.94;1239.65;1244.65;10926750;19998478336.00
20140521;1241.02;1257.80;1231.87;1257.80;9256264;16086345728.00
20140522;1259.87;1287.87;1259.87;1269.51;12565253;22324895744.00
20140523;1269.18;1296.84;1262.10;1296.00;12017865;21175267328.00
20140526;1301.87;1323.84;1301.87;1320.76;15387081;27351087104.00
20140527;1319.66;1319.66;1303.15;1306.28;13090007;22528002048.00
20140528;1306.29;1339.03;1306.29;1338.97;16564285;29190705152.00
20140529;1338.30;1341.57;1312.42;1314.21;14197108;25754220544.00
20140530;1312.30;1323.59;1300.09;1318.13;12574903;21473505280.00
20140603;1317.99;1332.78;1317.99;1319.63;12791586;22022774784.00
20140604;1318.33;1321.72;1303.36;1321.72;13109901;22923667456.00
20140605;1320.14;1356.53;1317.53;1355.48;15641622;27550187520.00
20140606;1354.91;1362.98;1340.83;1350.45;16552682;28537595904.00
20140609;1348.77;1349.92;1326.63;1326.68;13532664;23049562112.00
20140610;1327.11;1356.97;1316.84;1353.87;15779122;27618545664.00
20140611;1350.38;1371.25;1348.40;1367.39;18025290;30652342272.00
20140612;1364.41;1375.98;1358.08;1363.74;17077623;29256415232.00
20140613;1361.09;1386.35;1359.65;1382.73;18362713;31890419712.00
20140616;1384.16;1397.63;1384.16;1395.61;19278958;34018332672.00
20140617;1396.38;1396.38;1377.40;1377.43;17134809;30727352320.00
20140618;1377.58;1384.87;1363.75;1363.99;15282855;26536611840.00
20140619;1363.45;1370.31;1310.49;1320.66;16903318;28344330240.00
20140620;1319.11;1335.65;1313.14;1333.98;11907174;20364916736.00
20140623;1335.18;1366.59;1335.18;1361.28;14514949;26060365824.00
20140624;1360.08;1372.16;1359.13;1369.44;14517845;25453965312.00
20140625;1368.66;1368.66;1347.82;1358.71;13895424;25052772352.00
20140626;1360.20;1391.30;1360.20;1386.27;18635117;34326822912.00
20140627;1388.38;1397.96;1382.07;1388.82;18283794;34164119552.00
20140630;1388.47;1404.71;1374.30;1404.71;18787736;34382168064.00
20140701;1405.44;1415.33;1398.15;1411.74;19457801;34672238592.00
20140702;1413.17;1425.30;1402.22;1419.94;20532463;36251836416.00
20140703;1419.81;1428.67;1412.16;1422.60;20417851;35608403968.00
20140704;1421.68;1423.89;1406.21;1411.64;19215140;33754023936.00
20140707;1411.99;1411.99;1381.94;1393.89;18228061;31780405248.00
20140708;1392.35;1410.73;1379.49;1410.73;18990540;33694904320.00
20140709;1410.39;1418.68;1384.26;1384.58;21751111;38173839360.00
20140710;1384.45;1387.89;1362.35;1363.88;16514057;29716566016.00
20140711;1361.57;1372.12;1351.77;1359.34;15365743;27890266112.00
20140714;1358.17;1367.82;1342.56;1367.07;17042173;30878248960.00
20140715;1364.08;1366.16;1332.87;1341.27;19208905;33258442752.00
20140716;1338.92;1344.36;1310.86;1318.62;16034403;28027226112.00
20140717;1315.09;1323.24;1304.58;1312.81;11842502;21050556416.00
20140718;1309.96;1321.93;1300.76;1305.92;11155743;19311493120.00
20140721;1304.72;1313.56;1287.24;1306.97;12051162;20787900416.00
20140722;1306.32;1330.29;1305.03;1329.35;12251800;21147627520.00
20140723;1330.14;1332.36;1287.64;1293.09;14436101;25155897344.00
20140724;1291.49;1291.49;1255.69;1271.88;14051676;23820675072.00
20140725;1271.43;1288.67;1270.37;1285.77;10526882;18069397504.00
20140728;1289.10;1316.04;1286.66;1314.53;13836976;22428645376.00
20140729;1315.75;1337.53;1310.84;1331.76;15257236;25686812672.00
20140730;1330.19;1345.35;1329.07;1342.74;15005274;26036908032.00
20140731;1342.73;1346.22;1334.26;1344.54;13773804;22911027200.00
20140801;1339.98;1343.58;1324.19;1325.94;16091302;25580277760.00
20140804;1325.01;1331.80;1324.26;1329.82;12393537;20114649088.00
20140805;1330.32;1363.12;1321.20;1360.69;19490645;32314273792.00
20140806;1357.53;1368.53;1353.95;1365.74;15491641;25903112192.00
20140807;1365.18;1381.46;1361.33;1362.03;16000260;26280695808.00
20140808;1368.06;1381.44;1368.06;1377.44;14450098;24448167936.00
20140811;1379.47;1397.97;1379.47;1397.78;17239951;28335906816.00
20140812;1398.15;1402.75;1393.11;1396.44;17256326;28757669888.00
20140813;1396.26;1397.10;1370.08;1384.31;18046571;30312953856.00
20140814;1384.72;1394.52;1378.95;1380.30;18617046;30235217920.00
20140815;1382.87;1392.49;1377.93;1392.45;17949342;28453128192.00
20140818;1394.64;1429.00;1394.64;1428.74;22445292;38135816192.00
20140819;1436.42;1446.79;1427.06;1436.40;24187900;42152759296.00
20140820;1438.29;1438.29;1421.92;1427.40;19028784;33431715840.00
20140821;1428.63;1447.91;1421.24;1447.88;19577488;35003797504.00
20140822;1450.10;1465.67;1446.04;1461.72;22099973;39074152448.00
20140825;1461.21;1461.49;1439.86;1443.81;19962446;35683684352.00
20140826;1440.70;1443.60;1406.34;1411.15;18360054;31833655296.00
20140827;1411.76;1427.32;1411.76;1420.54;13789763;24509396992.00
20140828;1423.34;1424.29;1398.56;1403.80;13699751;24695572480.00
20140829;1400.84;1424.47;1400.83;1424.47;11562446;21466462208.00
20140901;1428.37;1453.12;1427.93;1452.84;15490858;28766846976.00
20140902;1457.51;1465.04;1452.71;1465.03;20826444;38989307904.00
20140903;1468.09;1479.83;1461.23;1477.67;23968683;43823431680.00
20140904;1478.33;1495.81;1472.89;1495.51;24424653;46283096064.00
20140905;1497.99;1498.26;1482.04;1489.84;21209165;38922432512.00
20140909;1492.45;1497.42;1479.06;1494.02;21566028;39473827840.00
20140910;1491.41;1506.47;1484.71;1504.91;21773264;39693209600.00
20140911;1506.00;1532.31;1502.39;1513.01;26218382;48113975296.00
20140912;1512.40;1524.33;1506.88;1524.12;20829285;37790334976.00
20140915;1522.57;1528.57;1517.30;1526.14;23470990;44328910848.00
20140916;1527.07;1529.40;1471.61;1473.13;27119821;49893588992.00
20140917;1473.52;1481.06;1456.50;1479.12;17503913;31575259136.00
20140918;1477.31;1492.61;1474.65;1490.79;15765159;28453128192.00
20140919;1492.10;1501.39;1486.28;1499.12;16834430;30655012864.00
20140922;1496.96;1496.96;1480.18;1483.35;18443515;33527089152.00
20140923;1485.51;1502.04;1483.04;1500.99;17264769;32133980160.00
20140924;1501.04;1517.42;1497.89;1517.42;20795696;37969571840.00
20140925;1520.10;1523.25;1505.65;1508.42;22699612;41689157632.00
20140926;1506.31;1512.80;1502.50;1511.36;18315997;33634248704.00
20140929;1515.38;1526.36;1515.38;1526.18;21163797;41018613760.00
20140930;1527.26;1540.95;1527.26;1540.87;19584148;37207060480.00
20141008;1543.59;1557.57;1537.01;1557.57;21221706;41662423040.00
20141009;1562.10;1569.06;1541.67;1561.17;25641919;49641332736.00
20141010;1559.93;1563.87;1546.22;1554.22;22691637;43535384576.00
20141013;1548.18;1548.88;1527.70;1548.33;21551881;40575692800.00
20141014;1546.67;1560.06;1532.44;1539.12;20848818;39319654400.00
20141015;1539.35;1545.75;1527.19;1545.62;19598465;37716766720.00
20141016;1539.86;1551.84;1526.54;1526.56;20861354;40500736000.00
20141017;1527.46;1529.55;1488.47;1511.05;20135109;39014694912.00
20141020;1513.42;1532.38;1513.42;1532.38;14849203;30518734848.00
20141021;1535.07;1537.67;1515.93;1517.48;15816636;32957558784.00
20141022;1518.80;1524.80;1503.82;1504.55;15915656;32090503168.00
20141023;1500.55;1501.72;1474.04;1477.84;16279293;31424620544.00
20141024;1478.34;1493.53;1473.06;1477.59;12401052;25079302144.00
20141027;1473.66;1492.01;1465.96;1492.01;14263073;29399910400.00
20141028;1495.69;1522.05;1495.69;1522.05;17756331;35487727616.00
20141029;1525.98;1535.80;1524.08;1530.08;21378044;42886025216.00
20141030;1532.91;1539.21;1522.64;1525.77;19050519;38141157376.00
20141031;1527.61;1529.55;1502.25;1513.27;18562325;36989116416.00
20141103;1513.25;1529.90;1513.20;1529.89;17033744;34225192960.00
20141104;1531.82;1538.18;1514.47;1516.40;17887450;37143355392.00
20141105;1514.77;1517.02;1505.98;1512.49;14780292;29673402368.00
20141106;1513.72;1532.87;1510.78;1532.52;15875527;34072266752.00
20141107;1535.49;1543.72;1517.29;1522.63;20891040;44834623488.00
20141110;1525.20;1526.38;1506.80;1514.82;16067553;34714329088.00
20141111;1513.53;1514.37;1452.03;1461.51;21596510;44860276736.00
20141112;1457.24;1476.03;1455.09;1475.75;13969499;32598984704.00
20141113;1473.74;1473.74;1434.27;1442.86;17414929;37327699968.00
20141114;1438.97;1449.10;1435.50;1441.21;12663598;28843272192.00
20141117;1444.06;1474.36;1437.99;1471.69;13918227;29531924480.00
20141118;1471.08;1483.14;1470.51;1481.86;12484839;26750091264.00
20141119;1488.46;1509.73;1488.46;1505.55;15606058;33045882880.00
20141120;1504.58;1504.58;1491.65;1494.59;14503131;31737735168.00
20141121;1493.16;1508.22;1493.16;1504.83;15206725;32712548352.00
20141124;1513.43;1515.84;1497.85;1507.81;18094254;38274613248.00
20141125;1510.62;1541.92;1510.25;1541.92;21329324;46797185024.00
20141126;1544.69;1561.30;1544.10;1554.22;21577370;46695706624.00
20141127;1557.77;1566.83;1548.29;1563.41;23686674;49206317056.00
20141128;1562.83;1582.48;1558.31;1570.85;25520127;54329839616.00
20141201;1569.65;1569.65;1544.18;1552.31;22709753;49710886912.00
20141202;1554.46;1567.54;1552.13;1565.42;20650691;48101068800.00
20141203;1568.47;1604.88;1540.42;1604.45;30089867;66045603840.00
20141204;1604.89;1631.31;1604.89;1621.85;26899516;59788693504.00
20141205;1626.12;1626.12;1544.47;1581.91;29046141;62846464000.00
20141208;1575.30;1600.87;1554.79;1567.16;26040994;56643526656.00
20141209;1557.02;1577.75;1504.23;1504.62;29630278;61334147072.00
20141210;1499.33;1576.89;1499.33;1572.69;22694195;50381869056.00
20141211;1572.61;1593.38;1563.32;1587.67;22251396;46450761728.00
20141212;1588.24;1626.34;1586.75;1623.57;21641050;46398472192.00
20141215;1623.60;1664.26;1619.70;1657.50;22168990;49688502272.00
20141216;1665.30;1674.98;1636.18;1649.58;20250357;44942323712.00
20141217;1639.15;1652.98;1623.70;1644.21;20235829;45344444416.00
20141218;1641.58;1663.67;1633.26;1634.05;17653811;39560749056.00
20141219;1627.80;1627.80;1568.98;1596.81;19852326;41436061696.00
20141222;1583.96;1583.96;1510.05;1517.93;21296532;41640415232.00
20141223;1501.53;1543.35;1489.12;1496.53;16067375;32707213312.00
20141224;1502.67;1524.27;1501.23;1519.80;14578911;29425833984.00
20141225;1522.00;1531.64;1514.23;1529.47;14030107;30177665024.00
20141226;1531.20;1539.16;1524.01;1536.08;13861501;28996104192.00
20141229;1531.12;1531.12;1491.21;1499.40;18402872;36797181952.00
20141230;1491.10;1493.44;1450.05;1460.11;16799418;33609261056.00
20141231;1455.68;1479.86;1451.29;1471.76;14413885;28909635584.00
20150105;1470.58;1470.58;1429.08;1464.77;17918525;34433384448.00
20150106;1458.57;1542.15;1454.14;1539.83;23463899;47275896832.00
20150107;1542.40;1547.25;1517.37;1523.39;18445958;37899403264.00
20150108;1516.83;1565.77;1516.83;1541.89;18696816;39204143104.00
20150109;1535.33;1583.75;1534.61;1553.24;18988280;40919941120.00
20150112;1552.05;1587.18;1550.62;1586.12;16188545;35995709440.00
20150113;1587.69;1611.13;1578.40;1601.17;17954629;40398041088.00
20150114;1598.72;1605.16;1579.55;1588.01;15881401;34749378560.00
20150115;1584.68;1606.56;1578.22;1586.34;14727005;32266868736.00
20150116;1586.71;1641.53;1586.64;1639.56;18420218;41371320320.00
20150119;1608.25;1691.14;1599.66;1630.06;26167227;58451247104.00
20150120;1635.57;1700.94;1635.57;1700.85;26255330;57614442496.00
20150121;1704.10;1729.84;1701.87;1722.58;29807348;65253965824.00
20150122;1723.24;1744.08;1716.39;1744.04;25850791;57605296128.00
20150123;1742.09;1742.09;1693.52;1697.29;23622923;53181378560.00
20150126;1698.99;1740.37;1698.99;1739.79;20324148;45847670784.00
20150127;1742.47;1754.21;1715.53;1743.68;22208742;50015432704.00
20150128;1741.07;1759.00;1727.92;1731.41;22204674;49983389696.00
20150129;1717.40;1733.63;1709.36;1711.37;17053769;37907546112.00
20150130;1712.85;1721.14;1679.69;1680.58;17600389;38058115072.00
20150202;1667.12;1708.71;1660.05;1696.83;16017327;37366624256.00
20150203;1703.93;1762.73;1703.93;1750.91;22107002;54048165888.00
20150204;1753.77;1770.20;1743.02;1757.74;21675339;51146969088.00
20150205;1757.23;1809.72;1741.96;1774.31;27268284;66054606848.00
20150206;1772.35;1783.62;1725.64;1730.97;22554474;55238836224.00
20150209;1727.22;1753.50;1702.56;1708.85;17274077;41558933504.00
20150210;1707.26;1747.86;1700.88;1747.68;14723102;36367364096.00
20150211;1748.23;1783.24;1748.23;1772.85;17429105;45064384512.00
20150212;1777.22;1799.46;1776.35;1788.81;18833003;48114233344.00
20150213;1798.54;1828.24;1796.41;1825.49;23434641;59694768128.00
20150216;1836.71;1897.66;1836.71;1896.63;25701182;66160893952.00
20150217;1908.18;1909.91;1873.17;1894.31;20837925;54925651968.00
20150225;1899.39;1909.65;1872.10;1876.75;22085809;56275333120.00
20150226;1875.33;1891.78;1847.73;1880.39;22057948;54480478208.00
20150227;1880.63;1928.04;1880.63;1928.04;25087030;63018668032.00
20150302;1944.11;1987.80;1940.32;1986.99;32869531;85074780160.00
20150303;1987.33;2004.03;1961.01;1961.74;33661208;85460164608.00
20150304;1960.54;2011.08;1960.54;2009.83;29329329;75183980544.00
20150305;2015.70;2032.22;1997.46;2014.79;30333941;80855138304.00
20150306;2016.81;2018.18;1949.29;1951.40;27454184;70917914624.00
20150309;1941.42;1996.90;1932.82;1994.39;23708890;63647719424.00
20150310;2001.19;2048.30;2001.19;2045.32;26879783;72778653696.00
20150311;2050.76;2054.77;2022.32;2035.83;27548628;75002273792.00
20150312;2034.62;2054.39;1984.91;2018.13;27515747;73241354240.00
20150313;2020.66;2070.95;2011.17;2069.07;25475091;67976888320.00
20150316;2088.20;2144.78;2088.20;2142.67;34782782;96233218048.00
20150317;2149.37;2164.49;2117.78;2137.46;37031744;101002174464.00
20150318;2138.37;2186.02;2124.98;2182.92;37750039;97714544640.00
20150319;2184.76;2192.55;2160.99;2183.88;34983557;91582242816.00
20150320;2187.47;2232.08;2187.01;2213.77;35792059;99762601984.00
20150323;2225.85;2293.92;2221.71;2293.65;39047313;112421412864.00
20150324;2310.51;2363.06;2253.20;2357.97;48344706;145633673216.00
20150325;2364.94;2405.56;2344.11;2385.01;42627895;130670174208.00
20150326;2362.45;2370.30;2270.79;2291.79;43457615;132777164800.00
20150327;2274.68;2326.42;2267.87;2323.82;31041901;92140838912.00
20150330;2319.31;2332.60;2266.85;2290.48;33193596;96755793920.00
20150331;2294.32;2358.21;2288.31;2335.17;34588776;101099175936.00
20150401;2347.00;2407.49;2345.75;2404.91;34211588;102125166592.00
20150402;2434.76;2475.33;2420.19;2475.33;39817436;122291331072.00
20150403;2469.85;2515.58;2460.94;2510.16;39200268;125450190848.00
20150407;2530.07;2557.87;2522.26;2556.70;39071937;129140310016.00
20150408;2566.94;2568.09;2442.82;2488.16;43774348;141805682688.00
20150409;2481.69;2501.30;2346.89;2496.49;40257707;129849622528.00
20150410;2475.55;2567.68;2457.82;2552.83;35139350;116996292608.00
20150413;2558.19;2596.92;2545.26;2577.78;38288466;129764769792.00
20150414;2584.59;2593.70;2539.94;2558.85;36477492;125662101504.00
20150415;2548.99;2548.99;2441.74;2441.74;36021333;117231788032.00
20150416;2420.93;2532.31;2407.85;2484.33;30450606;99346317312.00
20150417;2507.47;2511.98;2453.28;2463.99;33251374;104600199168.00
20150420;2462.41;2493.20;2411.34;2424.85;34510159;102163398656.00
20150421;2443.12;2566.09;2443.12;2566.09;32057303;100331700224.00
20150422;2610.74;2655.37;2610.74;2634.93;37301989;118747168768.00
20150423;2656.18;2718.26;2656.18;2706.19;38248610;125327450112.00
20150424;2689.91;2747.62;2672.20;2734.75;36429963;123181785088.00
20150427;2781.60;2806.76;2737.15;2747.50;34684443;118941270016.00
20150428;2764.41;2779.20;2650.43;2687.97;34410030;110611693568.00
20150429;2693.48;2798.52;2674.76;2797.52;29865932;106317193216.00
20150430;2825.16;2918.75;2825.16;2857.89;34285827;119879106560.00
20150504;2868.10;2884.44;2803.82;2845.25;29104458;102443892736.00
20150505;2830.79;2845.71;2753.87;2783.44;30083796;100796743680.00
20150506;2806.30;2927.03;2806.30;2846.56;34768114;125809033216.00
20150507;2824.82;2879.68;2801.47;2806.05;30603594;108524773376.00
20150508;2838.97;2974.37;2838.97;2973.60;38363323;134263480320.00
20150511;3015.43;3150.49;2991.33;3146.83;48013491;170680975360.00
20150512;3176.54;3254.99;3133.96;3250.30;51249205;185001017344.00
20150513;3185.34;3271.18;3123.92;3192.15;46156896;171825758208.00
20150514;3174.45;3228.03;3137.28;3141.59;44148589;161797931008.00
20150515;3109.12;3176.12;3059.86;3145.34;40803046;144247455744.00
20150518;3178.37;3286.41;3178.37;3278.48;42156099;155269169152.00
20150519;3310.09;3340.42;3206.78;3322.77;44285353;169730555904.00
20150520;3339.17;3471.95;3339.17;3406.28;46165534;176706289664.00
20150521;3421.61;3531.84;3421.45;3527.41;44954142;178876416000.00
20150522;3594.59;3618.24;3438.57;3516.63;57570183;221047881728.00
20150525;3415.67;3499.54;3370.84;3467.92;45619500;175439495168.00
20150526;3471.80;3619.49;3471.80;3618.23;45465316;180747780096.00
20150527;3638.21;3662.98;3546.58;3628.67;49660295;198252412928.00
20150528;3618.34;3677.33;3432.98;3432.98;54111024;220540993536.00
20150529;3444.06;3595.17;3328.46;3542.84;49995030;212901642240.00
20150601;3580.08;3722.87;3580.08;3718.75;43302740;188538273792.00
20150602;3757.10;3912.48;3756.09;3901.54;50081951;213001699328.00
20150603;3949.28;4011.04;3838.22;3982.25;49970440;220939010048.00
20150604;3991.80;4015.20;3695.83;3943.47;47259474;207038840832.00
20150605;3994.44;4037.96;3841.42;3885.83;46810857;199116554240.00
20150608;3862.80;3862.80;3643.04;3704.55;44704762;180590395392.00
20150609;3664.37;3793.37;3633.72;3705.54;38942848;157346873344.00
20150610;3695.06;3876.85;3676.76;3834.70;43364844;169019031552.00
20150611;3843.98;3884.37;3815.06;3862.14;44129786;167538425856.00
20150612;3889.16;3922.70;3850.59;3899.71;44912715;182173466624.00
20150615;3919.36;3919.36;3688.89;3696.03;47406719;184816631808.00
20150616;3636.79;3669.82;3475.35;3590.67;43314292;169391751168.00
20150617;3586.37;3754.37;3511.11;3741.36;39791390;156131278848.00
20150618;3734.91;3752.18;3497.73;3504.55;38221169;150724362240.00
20150619;3408.53;3476.03;3304.65;3314.98;36852903;136356405248.00
20150623;3314.89;3397.27;3154.60;3393.94;38158329;137315172352.00
20150624;3425.57;3459.46;3304.67;3383.40;37628646;140110987264.00
20150625;3403.63;3408.23;3172.37;3206.38;36857094;133833605120.00
20150626;3078.40;3078.40;2915.94;2920.70;35432058;117324251136.00
20150629;2943.50;2950.13;2663.44;2689.76;38531844;116379992064.00
20150630;2566.02;2875.09;2485.46;2858.61;54686573;161327955968.00
20150701;2842.17;3008.19;2743.61;2759.41;52601142;170035347456.00
20150702;2756.25;2825.15;2591.05;2649.32;45280319;129754341376.00
20150703;2559.03;2788.76;2458.29;2605.28;47079751;128325885952.00
20150706;2795.67;2795.67;2417.56;2493.83;51605867;138021306368.00
20150707;2398.10;2415.68;2350.97;2352.01;18897955;44729708544.00
20150708;2304.76;2364.08;2304.76;2364.05;44477613;92954722304.00
20150709;2338.11;2435.76;2338.11;2435.76;22948808;58334175232.00
20150710;2487.39;2535.89;2478.87;2535.89;13426826;45642735616.00
20150713;2612.77;2683.07;2592.20;2683.07;25235637;85667790848.00
20150714;2725.04;2827.55;2715.98;2726.05;40597844;121521889280.00
20150715;2750.66;2750.66;2583.46;2590.03;50649970;135461011456.00
20150716;2526.65;2698.16;2439.24;2627.08;52481076;131877273600.00
20150717;2651.44;2805.80;2646.50;2783.32;46866249;129074298880.00
20150720;2820.72;2907.15;2777.91;2848.30;57264696;169239478272.00
20150721;2802.02;2917.41;2779.53;2882.90;48846235;148535508992.00
20150722;2882.06;2932.06;2828.45;2897.37;51433159;153295716352.00
20150723;2896.25;2969.35;2864.43;2967.95;53211861;158102585344.00
20150724;2976.94;3014.18;2879.26;2897.82;58741277;185896828928.00
20150727;2822.37;2924.08;2683.05;2683.45;55582923;169828073472.00
20150728;2546.41;2705.18;2492.19;2581.96;58035381;154735345664.00
20150729;2617.94;2693.99;2483.92;2693.87;52023480;144345858048.00
20150730;2671.46;2707.76;2556.09;2561.19;48185189;138077487104.00
20150731;2507.26;2605.34;2499.25;2539.84;38567344;108512133120.00
20150803;2475.33;2494.80;2371.48;2399.27;39835425;104532262912.00
20150804;2396.41;2546.16;2380.28;2546.16;42143742;111226224640.00
20150805;2542.27;2584.19;2480.45;2502.04;46817454;123946147840.00
20150806;2441.96;2517.99;2430.53;2480.93;33923606;87783530496.00
20150807;2509.96;2586.53;2505.27;2576.99;42575831;119864483840.00
20150810;2606.74;2726.90;2593.41;2706.72;47852695;140830064640.00
20150811;2705.04;2747.83;2675.15;2698.91;48057873;145506074624.00
20150812;2658.84;2700.40;2622.19;2622.19;38304000;115133800448.00
20150813;2608.74;2684.26;2578.91;2684.26;37616566;108745867264.00
20150814;2713.78;2725.47;2664.42;2674.02;40688352;118322225152.00
20150817;2665.37;2676.72;2613.78;2666.29;36547442;103165435904.00
20150818;2674.42;2720.58;2488.61;2504.17;49129699;137144016896.00
20150819;2427.94;2584.36;2359.17;2570.69;43737323;115189719040.00
20150820;2556.77;2610.90;2508.35;2508.82;39721275;109633445888.00
20150821;2452.62;2480.68;2340.92;2341.95;35141461;90647912448.00
20150824;2222.54;2246.55;2152.61;2152.61;23049576;53003300864.00
20150825;1996.04;2048.03;1987.12;1990.71;27176061;59139764224.00
20150826;1975.92;2044.66;1875.03;1890.04;46445009;96904675328.00
20150827;1924.78;1959.98;1843.19;1959.49;40510061;83891937280.00
20150828;1990.35;2086.87;1960.39;2082.12;45280232;97909972992.00
20150831;2056.29;2058.85;1987.58;1996.87;35634528;77209616384.00
20150901;1959.46;1959.46;1877.36;1889.49;31889888;63735701504.00
20150902;1787.71;1953.91;1779.18;1855.03;38372944;73660375040.00
20150907;1882.86;1953.40;1878.26;1893.52;37806241;73524551680.00
20150908;1875.67;2004.81;1859.21;2001.16;36849649;71807631360.00
20150909;2023.31;2102.23;2017.10;2071.72;50760168;108850503680.00
20150910;2030.03;2078.42;2024.89;2039.12;35482570;74837950464.00
20150911;2039.01;2084.05;2029.81;2060.50;32555430;68596064256.00
20150914;2068.20;2075.67;1905.20;1906.21;34890885;68215353344.00
20150915;1843.23;1892.81;1794.29;1797.56;33039214;59455922176.00
20150916;1813.73;1928.78;1808.75;1926.25;39024402;71222157312.00
20150917;1943.29;2020.55;1922.80;1933.30;47985104;95394168832.00
20150918;1948.12;1995.50;1922.14;1983.30;37674215;74822942720.00
20150921;1950.33;2080.22;1945.35;2079.06;43477603;90425024512.00
20150922;2082.34;2108.56;2042.13;2078.72;47584444;101473476608.00
20150923;2039.49;2103.22;2036.06;2077.99;41306381;89360801792.00
20150924;2090.56;2130.47;2084.31;2106.59;43139456;94766923776.00
20150925;2091.86;2106.95;2002.45;2020.97;41100874;85890293760.00
20150928;2024.89;2124.06;2007.92;2122.26;37858681;79921192960.00
20150929;2089.54;2135.51;2075.97;2098.57;38424618;84097646592.00
20150930;2111.99;2124.29;2049.43;2082.67;29708449;64153165824.00
20151008;2153.12;2210.04;2138.54;2190.31;42031221;90206142464.00
20151009;2190.84;2230.03;2184.55;2216.66;42927691;92205228032.00
20151012;2233.61;2344.21;2232.27;2316.78;55775629;126441930752.00
20151013;2297.93;2351.52;2290.64;2342.04;50249441;115045253120.00
20151014;2330.08;2350.59;2295.60;2305.00;52435987;118325395456.00
20151015;2300.62;2406.21;2296.79;2404.53;56549121;129799847936.00
20151016;2424.62;2452.94;2401.09;2449.03;61932153;147293667328.00
20151019;2465.11;2466.48;2398.34;2433.60;57914034;137927753728.00
20151020;2430.18;2520.08;2427.78;2511.16;58460596;140692226048.00
20151021;2504.78;2527.77;2335.66;2344.74;72233598;174856929280.00
20151022;2355.16;2465.10;2355.16;2458.14;59640206;146753814528.00
20151023;2488.31;2549.76;2461.49;2538.38;67588134;171353915392.00
20151026;2570.13;2570.13;2481.59;2527.48;68447318;173929889792.00
20151027;2497.16;2586.95;2423.60;2563.96;62288146;157457154048.00
20151028;2551.70;2583.82;2473.47;2485.24;57717000;150886236160.00
20151029;2504.85;2528.70;2436.78;2485.28;44057659;114641960960.00
20151030;2475.23;2534.47;2439.16;2478.28;50077025;129735417856.00
20151102;2416.10;2513.32;2408.78;2432.04;46816872;123247304704.00
20151103;2444.05;2461.33;2407.55;2429.27;39935035;106823999488.00
20151104;2451.23;2584.32;2451.23;2584.32;58452418;152635211776.00
20151105;2587.82;2630.83;2542.85;2564.72;65112053;172894076928.00
20151106;2571.66;2666.40;2571.66;2661.41;61741798;164006821888.00
20151109;2653.31;2747.79;2612.26;2724.62;68677814;191238848512.00
20151110;2710.90;2783.12;2700.29;2746.61;65216341;180185415680.00
20151111;2738.58;2806.54;2730.52;2804.68;70870882;190166433792.00
20151112;2818.57;2827.71;2743.26;2783.30;74163984;210165465088.00
20151113;2751.39;2772.81;2681.61;2710.16;65461350;181274689536.00
20151116;2656.57;2797.16;2654.64;2797.16;55154366;147033964544.00
20151117;2834.98;2847.90;2711.58;2717.05;73555490;199687995392.00
20151118;2727.61;2741.33;2655.06;2661.17;51626129;140451151872.00
20151119;2678.36;2770.75;2676.75;2770.75;54825140;148732739584.00
20151120;2783.04;2817.96;2757.84;2800.15;69030482;183901437952.00
20151123;2797.12;2839.84;2759.31;2770.58;67520733;178263474176.00
20151124;2767.72;2816.05;2739.52;2816.05;52702493;150152871936.00
20151125;2813.51;2906.80;2806.82;2897.57;66418481;193136230400.00
20151126;2911.85;2915.95;2831.38;2833.20;63202930;187302346752.00
20151127;2819.36;2844.05;2629.13;2649.55;64579688;183247175680.00
20151130;2658.97;2687.05;2507.38;2672.58;60052415;167359250432.00
20151201;2669.30;2700.35;2621.17;2655.35;49682994;144658628608.00
20151202;2653.24;2660.12;2525.34;2613.26;43453059;119641399296.00
20151203;2622.49;2710.81;2622.49;2708.12;43270233;125313417216.00
20151204;2702.56;2749.18;2679.35;2692.16;48329082;141740687360.00
20151207;2699.34;2751.24;2687.02;2738.15;47454318;130145550336.00
20151208;2723.62;2731.72;2678.66;2691.66;51536895;142198587392.00
20151209;2677.59;2699.64;2650.45;2667.91;45218188;127953633280.00
20151210;2665.27;2729.24;2663.37;2695.51;44264087;126883823616.00
20151211;2686.30;2701.69;2666.89;2671.29;37125527;106300661760.00
20151214;2642.82;2709.26;2622.47;2709.26;36203573;102182617088.00
20151215;2718.25;2764.79;2718.25;2745.70;38759386;110853029888.00
20151216;2760.26;2789.28;2749.79;2763.11;41793161;120658198528.00
20151217;2784.97;2835.70;2784.97;2835.70;55219140;158786043904.00
20151218;2836.92;2850.69;2801.64;2830.26;51447381;150100541440.00
20151221;2825.31;2836.61;2800.35;2829.92;42648419;122337058816.00
20151222;2836.96;2849.36;2811.61;2839.85;41580714;114451144704.00
20151223;2845.43;2848.83;2779.93;2783.94;46679619;133253079040.00
20151224;2775.98;2801.56;2735.97;2795.78;37179051;107701985280.00
20151225;2807.51;2820.53;2777.46;2794.73;35511227;105453674496.00
20151228;2809.52;2823.75;2735.49;2735.49;45076570;128112943104.00
20151229;2732.55;2749.82;2710.20;2749.82;35829363;101371658240.00
20151230;2758.25;2781.84;2749.29;2779.51;40757691;114950168576.00
20151231;2780.54;2785.66;2713.69;2714.05;39561308;111887785984.00
20160104;2706.27;2710.30;2490.47;2491.24;33478923;88306573312.00
20160105;2353.23;2481.20;2333.61;2416.73;49010301;122570514432.00
20160106;2433.36;2472.19;2388.69;2468.37;39804046;104803934208.00
20160107;2415.33;2415.33;2254.50;2256.52;10666577;26100854784.00
20160108;2297.59;2318.12;2142.33;2248.99;44776461;108801032192.00
20160111;2188.19;2230.42;2105.77;2106.36;39231227;92052717568.00
20160112;2117.25;2179.09;2087.27;2147.53;37443203;87467515904.00
20160113;2160.32;2174.23;2059.78;2059.78;34346863;80888184832.00
20160114;1991.23;2179.38;1989.87;2175.01;40865370;91805425664.00
20160115;2160.17;2184.56;2096.19;2112.90;41445822;94756167680.00
20160118;2074.86;2206.83;2074.86;2174.93;39874752;91208597504.00
20160119;2170.09;2244.78;2148.72;2241.70;45197927;104522940416.00
20160120;2222.60;2249.36;2190.50;2204.65;41821529;98105860096.00
20160121;2173.31;2241.47;2112.40;2112.40;41166482;96569769984.00
20160122;2140.28;2161.24;2078.12;2149.59;35037326;79385665536.00
20160125;2165.73;2185.21;2136.88;2158.82;30623683;71962787840.00
20160126;2132.22;2135.56;1990.51;1994.05;36762608;81772249088.00
20160127;1997.32;2012.30;1888.25;1997.46;39761382;82136006656.00
20160128;1969.31;1990.92;1900.88;1906.46;30546403;63263305728.00
20160129;1908.26;2011.06;1907.29;1994.06;34466855;70828048384.00
20160201;1989.21;2011.68;1956.92;1992.69;29892131;62990098432.00
20160202;1996.59;2089.21;1996.59;2075.29;34710248;75053875200.00
20160203;2049.32;2105.38;2034.60;2090.51;31768832;68663410688.00
20160204;2095.62;2142.87;2095.62;2126.64;35059442;78395990016.00
20160205;2127.35;2141.56;2096.99;2096.99;25785867;58247507968.00
20160215;2029.56;2130.36;2029.56;2116.84;24986598;54905180160.00
20160216;2128.06;2208.57;2128.06;2201.93;36587329;84154343424.00
20160217;2197.93;2219.78;2171.00;2215.34;41643401;96020799488.00
20160218;2230.80;2239.91;2188.19;2190.91;40537756;96123584512.00
20160219;2186.01;2230.22;2182.96;2211.01;36792704;88677392384.00
20160222;2235.17;2245.56;2216.16;2245.56;41953415;99016785920.00
20160223;2245.75;2249.69;2189.53;2218.12;39969755;96000933888.00
20160224;2212.59;2230.01;2154.27;2203.74;40601726;97205272576.00
20160225;2198.93;2198.93;2030.42;2037.14;44873664;100580753408.00
20160226;2045.51;2057.80;1980.17;2014.92;35814102;78888099840.00
20160229;2000.57;2000.57;1866.25;1880.15;33848300;66577993728.00
20160301;1881.32;1952.43;1841.22;1934.92;36084525;74426007552.00
20160302;1930.84;2022.86;1925.02;2017.60;42454356;87510163456.00
20160303;2014.18;2063.53;2006.71;2007.08;42006967;89644498944.00
20160304;1994.06;2003.69;1895.40;1907.04;39762792;80145121280.00
20160307;1935.09;1995.94;1935.09;1953.33;31730234;65548865536.00
20160308;1944.65;2002.19;1865.65;2002.19;41226252;81062526976.00
20160309;1962.28;2015.71;1947.05;1970.81;34193080;67879120896.00
20160310;1968.77;1991.36;1935.12;1936.97;28365881;58393944064.00
20160311;1911.32;1948.60;1903.92;1934.87;23173404;47910830080.00
20160314;1962.11;2048.50;1962.11;2023.13;40997665;86634766336.00
20160315;2016.81;2034.70;1995.46;1996.92;34452746;72362459136.00
20160316;2029.92;2039.49;1961.42;1977.54;33507355;69662015488.00
20160317;1986.14;2089.14;1986.14;2087.29;52208031;112176939008.00
20160318;2102.19;2194.36;2102.08;2177.87;63938096;143482765312.00
20160321;2214.91;2234.35;2191.66;2227.03;63845763;148205158400.00
20160322;2201.19;2248.19;2189.94;2221.70;52501083;120596226048.00
20160323;2214.87;2259.11;2205.07;2259.11;49852202;120640897024.00
20160324;2234.22;2277.92;2217.84;2219.77;54767835;137460187136.00
20160325;2209.26;2232.07;2183.60;2216.09;41598980;100729643008.00
20160328;2233.13;2259.13;2192.35;2199.69;45630748;107843108864.00
20160329;2190.88;2194.89;2130.85;2152.55;39628257;95076884480.00
20160330;2172.74;2248.78;2172.74;2248.78;46542617;114883215360.00
20160331;2256.43;2271.96;2232.30;2238.29;50514154;129875197952.00
20160401;2223.38;2227.00;2171.34;2205.37;40715938;102483918848.00
20160405;2207.46;2285.20;2205.44;2279.52;49811538;122369605632.00
20160406;2274.77;2305.41;2271.50;2297.04;53433254;130880094208.00
20160407;2310.92;2316.63;2248.68;2248.68;53930101;132792262656.00
20160408;2230.95;2239.80;2194.23;2229.93;45924690;112813662208.00
20160411;2255.07;2301.41;2255.07;2283.14;50116207;124475777024.00
20160412;2283.21;2289.54;2236.44;2264.02;45314659;113106223104.00
20160413;2278.52;2330.05;2278.52;2294.01;57522857;139156324352.00
20160414;2310.60;2325.38;2289.57;2324.39;46139450;112999546880.00
20160415;2328.31;2328.31;2297.68;2309.68;40308909;100894416896.00
20160418;2288.42;2288.42;2249.34;2265.59;38252497;93760634880.00
20160419;2278.31;2289.05;2253.59;2272.52;35911567;89440706560.00
20160420;2279.76;2284.10;2119.42;2145.24;56160931;132675510272.00
20160421;2135.93;2160.26;2106.97;2110.16;36026893;84193722368.00
20160422;2093.78;2136.92;2090.95;2136.92;29586774;69405384704.00
20160425;2128.66;2130.06;2083.64;2126.83;26959280;63861825536.00
20160426;2123.87;2155.70;2119.38;2155.70;27579366;63580983296.00
20160427;2162.76;2176.33;2142.46;2146.61;32179113;73175056384.00
20160428;2149.10;2158.49;2108.27;2155.23;31257270;72814411776.00
20160429;2141.58;2162.19;2138.74;2138.74;25362369;64368291840.00
20160503;2138.96;2217.23;2126.87;2217.23;40518570;95647473664.00
20160504;2210.13;2233.59;2206.26;2211.02;41117967;95900475392.00
20160505;2208.40;2226.55;2198.76;2224.10;34603690;84074799104.00
20160506;2226.44;2235.96;2129.19;2129.19;49401484;115405430784.00
20160509;2107.33;2107.33;2045.12;2053.60;37401165;81898266624.00
20160510;2051.38;2067.62;2044.28;2054.22;25343896;57233993728.00
20160511;2067.69;2073.83;2032.30;2034.93;28980495;63500173312.00
20160512;2006.26;2039.32;1975.07;2034.57;28433750;59790643200.00
20160513;2030.94;2058.66;2013.86;2025.22;26223879;56643817472.00
20160516;2017.84;2057.86;2008.54;2057.86;28343346;61746839552.00
20160517;2059.52;2107.73;2036.88;2081.44;38088173;83762577408.00
20160518;2062.81;2062.81;2000.53;2020.48;35523823;72015208448.00
20160519;2023.96;2076.48;2023.96;2037.40;33919737;74046660608.00
20160520;2018.38;2065.30;2013.53;2065.30;31659474;70408175616.00
20160523;2073.00;2107.05;2073.00;2098.23;38387502;86250987520.00
20160524;2094.21;2094.21;2061.52;2075.51;34139734;76185976832.00
20160525;2091.97;2111.26;2062.64;2067.25;36260689;82368004096.00
20160526;2060.43;2086.49;2019.30;2086.01;37261301;82107473920.00
20160527;2076.30;2090.17;2065.38;2069.89;34131536;77629964288.00
20160530;2054.62;2083.83;2033.67;2058.52;33054054;69387354112.00
20160531;2061.84;2160.53;2060.14;2159.80;56992436;120200265728.00
20160601;2164.73;2188.88;2163.05;2168.82;58794178;129591189504.00
20160602;2163.59;2188.56;2160.25;2188.56;54154712;118358605824.00
20160603;2176.36;2236.58;2175.82;2204.97;64614589;150518644736.00
20160606;2212.46;2219.28;2181.99;2199.30;49092386;114324365312.00
20160607;2202.04;2204.18;2181.30;2196.73;45258223;109011877888.00
20160608;2191.27;2201.53;2166.97;2186.54;47491814;112163807232.00
20160613;2150.39;2165.28;2054.71;2054.71;53756488;122513432576.00
20160614;2045.21;2070.15;2032.44;2058.31;38905975;87452549120.00
20160615;2033.60;2143.45;2031.67;2128.80;50827619;113545617408.00
20160616;2124.16;2137.18;2097.35;2101.42;49736194;113033936896.00
20160617;2109.57;2154.52;2105.24;2122.89;50886964;118262931456.00
20160620;2117.99;2127.68;2088.29;2119.63;44233148;106588389376.00
20160621;2135.46;2153.23;2083.69;2092.00;52619369;123646984192.00
20160622;2085.98;2144.82;2085.65;2144.82;48500539;111990210560.00
20160623;2144.58;2153.58;2115.84;2137.49;53512181;119668817920.00
20160624;2131.15;2157.94;2060.20;2127.36;64400552;138999955456.00
20160627;2111.10;2194.13;2110.60;2191.81;61802508;138599792640.00
20160628;2181.41;2221.46;2173.53;2216.71;69894236;158151000064.00
20160629;2228.51;2238.35;2203.49;2209.79;59866686;139526717440.00
20160630;2213.60;2233.28;2206.81;2227.79;57068918;136500232192.00
