20100601;986.02;994.79;948.12;973.23;1356285;4924176896.00
20100602;967.78;997.29;952.78;997.29;1074628;4001206272.00
20100603;1002.53;1026.88;997.95;998.57;1616805;6240835584.00
20100604;989.93;1027.94;986.76;1027.94;1500295;5269440512.00
20100607;1005.28;1075.50;1001.96;1069.74;2655275;9106095104.00
20100608;1067.63;1075.81;1051.26;1067.46;1976721;6621994496.00
20100609;1071.15;1102.41;1069.73;1078.13;2541568;8994866176.00
20100610;1078.07;1119.52;1076.68;1117.89;2197405;8242731008.00
20100611;1122.96;1128.75;1119.22;1122.72;2224874;8449039360.00
20100617;1126.66;1130.22;1065.34;1065.34;1764284;6757409280.00
20100618;1052.56;1053.64;993.64;1000.75;1630651;5827721216.00
20100621;992.61;1043.85;977.06;1041.49;1574798;5604269568.00
20100622;1037.73;1058.07;1034.33;1035.68;1427162;5067480064.00
20100623;1027.55;1057.05;1024.42;1048.03;1257359;4608672256.00
20100624;1047.45;1060.46;1042.23;1051.30;1069133;3904947968.00
20100625;1046.93;1046.93;999.85;1016.98;1237298;4515664384.00
20100628;1009.92;1015.11;984.89;988.51;920673;3463552256.00
20100629;986.25;992.91;913.17;913.94;1497800;5293896704.00
20100630;898.91;922.45;881.97;919.95;1223661;3852158464.00
20100701;915.03;921.85;882.80;882.80;1049573;3663773696.00
20100702;879.56;885.95;833.20;873.72;1288834;4212661760.00
20100705;857.96;871.46;843.31;862.86;915864;2851736064.00
20100706;859.85;899.06;858.39;894.33;1165232;3751055616.00
20100707;897.15;909.18;890.95;909.18;1046163;3342473728.00
20100708;912.63;914.93;887.64;906.13;1098088;3780698880.00
20100709;904.23;937.29;897.61;932.90;1451460;4743256576.00
20100712;932.29;941.83;924.81;930.93;1263618;4188147200.00
20100713;925.70;937.40;907.04;931.83;1468657;4744135680.00
20100714;930.50;938.69;916.82;923.11;1423586;4648080384.00
20100715;920.79;931.31;893.28;893.28;1175881;3960490752.00
20100716;885.84;895.83;869.78;893.07;1009312;3264221696.00
20100719;882.42;910.97;878.83;908.84;938803;2992584192.00
20100720;910.33;938.36;910.33;937.83;1365809;4559580672.00
20100721;940.91;959.87;938.97;942.07;1665746;5960653824.00
20100722;939.03;951.03;932.83;951.03;1326603;4356669440.00
20100723;952.67;965.58;948.95;961.42;1721251;5339086336.00
20100726;963.60;967.57;955.59;966.99;1476036;4626044928.00
20100727;964.38;968.88;956.56;958.80;1361821;4574086656.00
20100728;956.02;973.38;955.35;973.38;1566183;5187227648.00
20100729;975.14;982.87;966.44;976.21;1794193;5897853440.00
20100730;972.51;972.51;956.75;969.27;1458487;5049473024.00
20100802;969.29;995.09;969.29;995.09;1810364;6104407552.00
20100803;996.06;997.13;976.49;976.49;1757059;5951414784.00
20100804;972.25;978.86;956.76;978.86;1446165;4758297088.00
20100805;981.12;998.97;979.18;988.21;1770400;6033987072.00
20100806;988.82;1012.27;986.48;1012.27;1899061;6225316864.00
20100809;1014.12;1033.23;1014.12;1033.23;2091995;6918898688.00
20100810;1032.87;1035.23;994.85;994.85;2177072;7106822656.00
20100811;992.14;1007.32;991.80;1005.51;1615078;5180189696.00
20100812;994.91;1008.45;988.83;992.64;1689189;5316055552.00
20100813;993.49;1008.39;987.48;1008.08;1471798;4831450112.00
20100816;1008.37;1031.95;1005.92;1031.11;1880400;6199923200.00
20100817;1031.97;1037.72;1023.97;1034.48;1800777;6092952064.00
20100818;1034.60;1036.51;1019.38;1027.61;1643501;5721278464.00
20100819;1027.87;1034.14;1022.59;1026.42;1624534;5547406848.00
20100820;1022.34;1023.33;994.42;996.81;1870225;6597771776.00
20100823;995.80;1002.05;992.38;996.48;1456014;5064150016.00
20100824;994.44;1008.62;988.07;1005.86;1608155;6272781824.00
20100825;1001.14;1003.16;977.40;977.73;2166638;7732030976.00
20100826;979.48;985.38;973.39;981.15;1700768;6245785600.00
20100827;979.00;1001.45;976.31;1000.10;2173481;7887761408.00
20100830;1003.59;1025.26;1003.59;1024.99;2358186;8501815296.00
20100831;1020.85;1029.80;1015.29;1025.61;2175335;8054545408.00
20100901;1025.71;1029.76;988.69;996.58;2400153;8763611136.00
20100902;1004.15;1020.63;999.16;1017.27;2758004;11048558592.00
20100903;1022.02;1048.94;1021.71;1039.87;3186013;12468598784.00
20100906;1042.51;1046.10;1011.12;1013.99;2546963;9852694528.00
20100907;1013.22;1027.01;1011.10;1027.01;1686002;6571730432.00
20100908;1023.94;1030.90;1020.88;1029.72;1801644;6577840640.00
20100909;1032.70;1044.86;1023.64;1026.03;2365284;8209269760.00
20100910;1025.80;1038.97;1017.81;1036.19;2210901;7388107264.00
20100913;1035.66;1046.95;1034.39;1044.03;2010293;6899538944.00
20100914;1045.64;1047.59;1031.55;1033.98;1940842;6968657920.00
20100915;1031.86;1032.18;988.45;991.32;2216464;7937956352.00
20100916;990.27;995.75;965.27;973.27;1717924;5902965760.00
20100917;976.19;981.54;967.56;971.46;1450031;5395687424.00
20100920;971.40;974.52;946.13;948.93;1292682;4638370816.00
20100921;951.22;953.04;929.61;933.49;1107188;3685261056.00
20100927;935.36;950.38;929.90;949.43;1079437;3608369920.00
20100928;948.25;949.37;938.06;940.46;1666173;6756897280.00
20100929;939.79;942.25;922.47;924.40;1230242;4512222720.00
20100930;922.41;941.15;920.08;941.15;1099210;3967678464.00
20101008;946.70;962.99;946.32;959.78;1511188;5272913408.00
20101011;960.60;960.72;941.61;947.10;1852470;6479456256.00
20101012;946.26;959.66;944.51;951.22;1510896;5054330368.00
20101013;950.57;960.22;939.64;960.22;2209486;7669941760.00
20101014;960.79;972.51;953.89;955.24;1994136;6996953600.00
20101015;951.19;954.50;933.53;940.07;1884788;6403270144.00
20101018;937.59;937.59;910.25;927.67;1787336;5975260160.00
20101019;927.93;997.84;927.90;987.87;3333810;11780277248.00
20101020;978.34;1013.15;977.56;994.96;3438175;11730252800.00
20101021;993.48;993.48;977.25;986.35;2161945;7155691520.00
20101022;985.71;1016.25;985.71;1008.01;2377734;8008473600.00
20101025;1013.01;1038.42;1013.01;1034.93;2729464;9349804032.00
20101026;1036.64;1036.91;1017.00;1030.60;2967924;11256503296.00
20101027;1029.93;1042.24;1024.93;1026.61;2443831;8963388416.00
20101028;1021.74;1035.66;1020.83;1035.66;2269393;8471493632.00
20101029;1038.28;1068.21;1038.28;1062.79;3097405;11544181760.00
20101101;1069.78;1111.06;1069.78;1105.99;3754825;14242636800.00
20101102;1105.60;1105.60;1071.08;1071.47;3292637;12447464448.00
20101103;1059.18;1059.18;1034.54;1034.54;2224596;8194693632.00
20101104;1034.84;1050.79;1031.32;1050.77;1759113;6392806912.00
20101105;1059.79;1063.96;1050.44;1063.96;2237335;8252892160.00
20101108;1069.46;1098.88;1069.46;1098.88;2579173;9730492416.00
20101109;1101.72;1108.24;1093.55;1107.81;2622116;9958052864.00
20101110;1107.84;1140.65;1106.50;1136.08;2974084;11130953728.00
20101111;1132.01;1158.54;1127.33;1127.33;3180996;11899691008.00
20101112;1121.94;1135.90;1075.43;1077.47;3612339;16217641984.00
20101115;1083.92;1142.63;1083.37;1142.63;2981081;12781418496.00
20101116;1148.46;1169.27;1106.86;1123.28;3964587;15919421440.00
20101117;1111.67;1130.14;1078.33;1082.31;2829796;10875057152.00
20101118;1086.93;1101.04;1075.65;1100.70;2238791;8470644736.00
20101119;1105.22;1149.80;1103.21;1149.80;3233615;12096800768.00
20101122;1149.43;1189.71;1148.53;1168.38;4025388;15662365696.00
20101123;1164.81;1177.50;1142.50;1177.03;2898766;11296674816.00
20101124;1170.07;1203.94;1168.25;1203.94;2869099;11210070016.00
20101125;1207.88;1209.84;1172.20;1182.50;2832584;11069243392.00
20101126;1179.94;1197.28;1176.13;1191.61;2350441;9326840832.00
20101129;1190.64;1211.99;1187.34;1209.07;2685259;10786042880.00
20101130;1208.51;1208.72;1134.45;1168.09;3163258;12525799424.00
20101201;1162.53;1167.99;1154.89;1161.42;1612221;6449476608.00
20101202;1171.77;1177.55;1161.73;1161.83;1767132;7208343552.00
20101203;1161.34;1162.52;1133.14;1142.02;1702613;6748121600.00
20101206;1141.53;1143.60;1109.98;1118.63;1562358;6184401408.00
20101207;1115.76;1142.96;1107.91;1142.25;1280461;5119899648.00
20101208;1141.61;1155.72;1137.42;1139.83;1345853;5479290880.00
20101209;1137.69;1139.25;1124.81;1125.15;1806955;7859629056.00
20101210;1120.50;1148.76;1118.02;1148.35;1569302;6674188800.00
20101213;1156.75;1190.99;1156.75;1189.32;2301381;9731481600.00
20101214;1191.40;1200.05;1185.67;1198.49;2047677;8569487872.00
20101215;1197.34;1204.21;1189.72;1192.10;2319264;10289328128.00
20101216;1190.23;1212.21;1190.23;1203.73;2127810;8816229376.00
20101217;1202.95;1213.45;1202.74;1213.45;2059516;8599739392.00
20101220;1215.68;1220.65;1167.38;1198.01;2702386;11802206208.00
20101221;1198.25;1206.71;1189.55;1199.72;1885950;7935691264.00
20101222;1199.57;1200.18;1184.48;1186.13;2109500;9215363072.00
20101223;1182.97;1186.21;1159.96;1160.33;1877144;8295889408.00
20101224;1154.68;1154.68;1124.06;1128.77;1630337;7045270528.00
20101227;1130.21;1139.25;1088.01;1091.64;1567896;6535094784.00
20101228;1083.89;1084.23;1065.86;1075.46;1439567;5774803968.00
20101229;1075.32;1098.44;1075.32;1098.44;1615976;6762598912.00
20101230;1097.77;1107.29;1092.12;1102.25;1409448;5905897472.00
20101231;1102.36;1124.28;1102.36;1123.88;1391124;5869734400.00
20110104;1129.94;1142.99;1128.60;1142.99;1695881;7403007488.00
20110105;1141.86;1146.86;1135.09;1143.52;1683527;7341839872.00
20110106;1141.90;1147.73;1125.86;1126.54;1559130;6869232640.00
20110107;1124.14;1130.24;1110.21;1116.29;1974031;9548235776.00
20110110;1113.90;1113.90;1078.63;1082.97;1591819;7219412480.00
20110111;1079.13;1079.13;1059.55;1068.63;1376432;5853696000.00
20110112;1072.43;1083.97;1059.75;1077.85;1234470;5239285760.00
20110113;1082.30;1083.45;1075.92;1080.14;1776971;7317824000.00
20110114;1078.13;1078.13;1052.71;1053.91;1534370;6235601408.00
20110117;1052.01;1052.29;1011.08;1013.64;1701015;6922490368.00
20110118;1008.72;1015.53;1002.01;1012.07;1018064;4027368960.00
20110119;1012.31;1033.66;1009.13;1033.57;1178339;4748988928.00
20110120;1032.55;1034.65;1003.84;1003.84;1442282;5770514432.00
20110121;997.84;1015.83;995.92;1007.30;1254321;5075484672.00
20110124;1007.45;1011.28;976.47;976.97;1315743;5500295680.00
20110125;974.03;974.03;951.70;962.49;1421064;5456790528.00
20110126;961.26;978.58;961.01;978.44;1161021;4471075840.00
20110127;973.79;996.29;967.69;994.73;1186128;4478251008.00
20110128;995.04;1004.02;992.13;1002.20;998536;3845952000.00
20110131;1001.37;1011.75;997.05;1011.26;1211559;4843982848.00
20110201;1011.35;1013.71;1007.26;1012.14;1447716;5627794432.00
20110209;1005.75;1015.00;999.39;1001.30;1287175;4788958720.00
20110210;1001.72;1039.43;1000.96;1039.43;1833971;6739881472.00
20110211;1042.73;1052.87;1040.58;1049.85;1858216;7173863424.00
20110214;1050.77;1065.51;1050.36;1064.47;2085431;8396669952.00
20110215;1064.50;1073.17;1059.96;1063.40;2692484;9864464384.00
20110216;1062.22;1083.36;1059.93;1083.36;2430058;9216956416.00
20110217;1084.39;1091.55;1077.37;1087.63;2407534;9368212480.00
20110218;1087.09;1088.63;1073.54;1076.78;2314420;8861477888.00
20110221;1072.59;1095.75;1071.17;1095.75;2338857;9423123456.00
20110222;1096.44;1099.28;1064.64;1065.58;3202336;12449324032.00
20110223;1065.01;1090.96;1064.95;1087.46;2313215;9947057152.00
20110224;1086.08;1087.65;1069.36;1076.87;2238640;9413685248.00
20110225;1073.95;1074.73;1061.99;1071.57;1966280;7877872640.00
20110228;1072.03;1076.84;1064.44;1076.84;1903787;7613563904.00
20110301;1077.86;1079.63;1069.40;1075.16;2101515;8041563136.00
20110302;1072.09;1073.12;1055.93;1066.65;1797660;6938441216.00
20110303;1066.40;1069.54;1042.64;1044.12;1799709;6877460992.00
20110304;1043.34;1052.37;1037.83;1052.37;1471275;5426590208.00
20110307;1054.78;1058.92;1051.37;1058.92;1770029;6658859520.00
20110308;1060.02;1066.16;1055.81;1065.77;2526987;8812150784.00
20110309;1066.06;1067.66;1057.62;1067.66;2453239;8904006656.00
20110310;1069.19;1083.04;1068.76;1074.53;2564247;9837759488.00
20110311;1071.45;1092.22;1069.80;1081.65;2755355;10764426240.00
20110314;1080.27;1089.22;1076.98;1089.22;2543075;9295616000.00
20110315;1089.25;1089.25;1059.38;1075.69;2786250;10290754560.00
20110316;1074.87;1083.05;1074.87;1082.64;2621255;9973230592.00
20110317;1077.21;1077.21;1057.59;1061.23;2579187;9618102272.00
20110318;1063.96;1070.56;1062.28;1066.08;1714087;6422766592.00
20110321;1065.18;1066.79;1054.73;1057.08;1675008;6448694272.00
20110322;1058.62;1059.90;1044.61;1052.43;1846559;6761189888.00
20110323;1051.85;1061.69;1050.48;1061.66;1762141;6575953920.00
20110324;1062.88;1065.74;1060.26;1062.20;1872127;6819943424.00
20110325;1061.65;1063.04;1055.19;1057.82;1977720;7106483200.00
20110328;1058.15;1059.73;1039.63;1040.60;2287753;8190142976.00
20110329;1037.44;1037.46;1007.33;1008.25;2763171;9805267968.00
20110330;1005.15;1006.97;991.83;993.14;1944159;6412176384.00
20110331;993.31;1003.89;992.00;995.05;1590417;5135415296.00
20110401;993.62;1002.42;990.91;1002.42;1294020;4125940224.00
20110406;999.16;999.44;982.62;984.64;1541655;4960951296.00
20110407;984.08;993.65;983.41;993.65;1773952;5465477632.00
20110408;993.55;1006.78;992.00;1006.78;1569268;4954630656.00
20110411;1008.35;1009.45;990.61;991.00;1710575;5550287872.00
20110412;989.07;993.65;984.95;987.08;1354872;4373985792.00
20110413;986.28;1005.25;985.31;1005.25;1508996;5016655872.00
20110414;1005.61;1005.88;998.08;1000.14;1412611;4647286784.00
20110415;999.54;999.60;986.92;993.07;1777146;5334863872.00
20110418;991.80;993.62;986.00;989.14;1524246;4609672704.00
20110419;986.72;986.72;974.23;980.24;1759370;5369582080.00
20110420;979.62;991.75;977.99;990.89;1687703;5324734464.00
20110421;991.43;999.53;990.61;993.72;2388192;7231817728.00
20110422;992.40;992.81;985.31;988.26;1893596;5644620800.00
20110425;984.39;984.39;961.29;961.55;1990287;5888716800.00
20110426;957.32;958.54;941.24;943.70;1969918;5652329472.00
20110427;943.04;947.21;922.93;928.13;1827125;5145598976.00
20110428;927.95;931.10;893.13;894.13;1934849;5251374080.00
20110429;891.82;902.11;888.34;902.11;1317671;3479072256.00
20110503;901.66;911.99;897.60;911.78;1226499;3188961536.00
20110504;909.79;909.79;892.31;893.96;1270602;3320308480.00
20110505;891.86;907.33;890.73;903.76;1473809;3827691008.00
20110506;899.93;910.15;894.50;908.15;1334006;3522256128.00
20110509;909.80;923.28;909.80;918.88;1557072;3716391936.00
20110510;919.96;920.56;914.12;919.80;1267214;3183772928.00
20110511;920.15;921.95;912.89;919.97;1596040;4410316288.00
20110512;917.61;917.61;900.90;900.90;1646753;4266441472.00
20110513;900.36;903.87;890.33;902.11;1544289;3926926080.00
20110516;903.55;907.66;899.85;900.08;1332884;3472837120.00
20110517;898.23;898.70;885.44;891.10;1624413;3917310208.00
20110518;888.56;891.03;885.19;887.80;1744464;4078169088.00
20110519;888.39;891.88;880.76;881.50;1448972;3346404352.00
20110520;880.72;880.82;870.65;872.30;1416626;3351488256.00
20110523;870.37;870.37;838.17;838.47;2047423;4393330176.00
20110524;834.51;870.80;824.94;864.87;2782845;5944870912.00
20110525;861.94;861.94;836.69;837.15;2176376;4720996352.00
20110526;837.82;845.81;824.51;824.51;1741446;3719252480.00
20110527;824.46;827.98;813.64;816.17;1849515;3744635392.00
20110530;813.27;835.99;809.74;824.77;2335783;4571868672.00
20110531;826.15;837.12;820.63;837.12;2499466;5157702144.00
20110601;837.15;843.59;834.42;842.98;2358779;4868533248.00
20110602;834.05;834.05;816.99;827.14;2095703;4407384576.00
20110603;826.94;842.74;826.55;841.27;1958065;4140481792.00
20110607;839.46;842.81;837.16;842.47;1598940;3329774336.00
20110608;842.00;842.00;831.25;840.08;2043436;4330929664.00
20110609;839.28;839.28;823.76;823.76;2017612;4139096576.00
20110610;821.84;822.84;807.85;820.71;1785817;3664235008.00
20110613;817.25;828.37;808.61;826.03;1614047;3333026304.00
20110614;825.85;836.49;825.38;834.75;1703028;3507106816.00
20110615;833.96;836.42;824.23;824.76;2073053;4080173824.00
20110616;820.61;820.61;808.02;808.68;1731524;3371612672.00
20110617;807.19;810.78;799.50;800.57;1428628;2766364672.00
20110620;798.94;798.94;787.76;791.08;1477889;2876137984.00
20110621;791.38;797.02;786.89;796.16;1508402;2999277056.00
20110622;797.43;798.45;789.21;792.08;1847726;3505316864.00
20110623;791.12;816.65;784.97;815.21;3043269;5943584256.00
20110624;813.21;835.20;811.37;832.83;3506957;6994283520.00
20110627;833.57;850.19;833.42;844.13;3397417;6864339968.00
20110628;844.07;845.46;837.42;844.83;2329661;4672379392.00
20110629;845.14;849.88;835.31;835.53;2870805;5872462848.00
20110630;834.30;845.63;834.30;844.73;2412281;4891355648.00
20110701;846.37;860.03;846.37;852.92;3052682;6170353152.00
20110704;854.21;873.36;854.21;873.36;3605971;7354353152.00
20110705;874.83;882.14;873.99;880.33;3429035;7175435776.00
20110706;878.89;891.00;874.37;891.00;4005587;8639828992.00
20110707;890.14;910.07;889.64;898.05;4980368;10655698944.00
20110708;897.45;899.29;886.21;892.87;3350705;7319717376.00
20110711;891.82;900.52;887.66;899.99;3138543;6624467968.00
20110712;893.11;893.23;885.12;885.47;4134161;8670303232.00
20110713;884.38;907.32;884.37;907.32;3773358;8157268480.00
20110714;908.33;928.07;908.33;928.07;5124319;10920512512.00
20110715;929.57;946.30;927.58;945.12;6429022;13881474048.00
20110718;946.39;952.35;937.75;939.88;4886469;11029387264.00
20110719;934.44;934.44;918.89;921.92;4242890;9703353344.00
20110720;926.45;931.69;914.95;925.83;3652249;8278149632.00
20110721;925.25;925.71;911.84;911.84;3321787;7316009984.00
20110722;913.72;925.16;913.72;919.57;3272157;7457390080.00
20110725;917.02;917.02;881.18;884.03;4313445;9649923072.00
20110726;881.34;889.24;875.54;889.24;2911907;6559334400.00
20110727;887.08;913.96;881.32;912.76;3884077;9233375232.00
20110728;904.84;917.83;899.99;917.49;3749075;9080103936.00
20110729;917.24;921.70;906.52;909.63;3734791;8776327168.00
20110801;907.51;927.67;905.79;924.57;3717874;9110397952.00
20110802;920.49;930.23;903.50;930.23;4822299;11269092352.00
20110803;920.29;949.12;916.65;942.52;6078199;14886599680.00
20110804;942.10;946.77;930.96;934.53;4490790;10914949120.00
20110805;902.26;924.43;896.56;916.04;4278638;10291978240.00
20110808;904.73;909.24;855.93;873.92;4853829;11073540096.00
20110809;846.96;879.46;831.87;873.89;4248660;9836040192.00
20110810;885.91;898.85;885.90;887.13;4152964;10010493952.00
20110811;868.83;910.23;866.01;910.23;4790987;11144850432.00
20110812;915.07;926.38;915.07;920.41;4554967;10580586496.00
20110815;922.92;940.23;922.92;937.03;4478420;10679564288.00
20110816;937.24;940.03;925.44;929.25;4114518;9623865344.00
20110817;927.91;938.36;923.06;933.26;4004712;9578372096.00
20110818;931.52;931.96;912.82;913.34;3953250;9600111616.00
20110819;893.16;910.71;889.74;910.71;4432501;11689863168.00
20110822;911.39;925.05;909.83;912.62;4341367;10879156224.00
20110823;913.86;941.01;913.86;941.01;5674450;13627193344.00
20110824;945.12;957.51;943.90;944.82;6468434;16118827008.00
20110825;945.55;947.03;930.18;946.70;5311158;13266327552.00
20110826;943.61;961.08;941.28;958.93;5508089;14008182784.00
20110829;956.95;965.83;953.57;958.84;5130036;12775062528.00
20110830;961.35;964.42;936.60;936.71;4772781;11878773760.00
20110831;934.31;938.34;913.76;925.07;3969354;9851119616.00
20110901;925.24;934.03;916.26;920.99;3455754;8134801408.00
20110902;919.20;921.65;905.92;913.55;3296040;7913840640.00
20110905;905.54;905.54;889.72;889.88;3247565;7951251456.00
20110906;883.14;889.41;872.68;877.32;3094363;7730619904.00
20110907;880.28;901.76;880.28;901.76;3146188;7500404224.00
20110908;904.75;910.34;891.28;891.31;3276209;7987966976.00
20110909;889.08;895.73;877.56;880.92;2616606;6357588480.00
20110913;869.38;869.38;858.74;862.25;2287850;5421784064.00
20110914;864.24;877.22;855.64;877.16;2420366;5608072704.00
20110915;877.89;885.54;876.12;876.68;2623924;6100113408.00
20110916;879.03;882.94;872.58;873.75;2803522;6380639232.00
20110919;870.87;870.87;851.09;851.09;2374811;5182461440.00
20110920;848.44;859.04;844.41;853.95;2097517;4637952512.00
20110921;854.05;879.87;852.13;879.30;3279915;7099938304.00
20110922;874.11;876.58;849.99;849.99;3121393;6610733568.00
20110923;837.69;846.00;831.23;842.03;2640322;5394921984.00
20110926;840.28;847.17;826.24;828.70;2248384;4639541760.00
20110927;833.11;838.71;823.06;831.02;2753487;5987873280.00
20110928;834.24;837.84;814.55;817.39;2458248;5408457728.00
20110929;813.57;813.57;792.00;792.86;2625983;5528186880.00
20110930;793.33;797.18;782.31;791.77;1950389;4006547968.00
20111010;793.12;797.21;787.40;790.13;1621992;3545656576.00
20111011;805.92;812.65;778.67;786.44;2572308;5427048448.00
20111012;783.83;817.05;774.50;816.34;3644532;7659131904.00
20111013;816.26;835.29;814.61;832.61;4197493;9038530560.00
20111014;830.47;832.33;820.43;830.48;3330833;7250855424.00
20111017;832.76;839.45;829.55;835.82;3697721;8256077312.00
20111018;830.83;832.02;808.91;809.29;3930549;8528039936.00
20111019;809.83;816.06;801.26;805.56;3006662;6554715136.00
20111020;802.32;802.32;772.75;780.24;3368183;7086763520.00
20111021;777.92;779.54;759.83;761.50;2590864;5280393728.00
20111024;759.43;771.55;740.01;771.25;3335607;6612616192.00
20111025;769.71;797.32;768.34;795.92;4508874;9285783552.00
20111026;792.20;817.42;788.82;808.44;6050440;12740890624.00
20111027;808.25;817.96;804.80;807.97;5078367;10636171264.00
20111028;816.77;829.80;810.92;829.80;5755198;12072394752.00
20111031;830.54;847.60;828.51;847.60;6252856;13378504704.00
20111101;839.18;850.86;835.47;849.47;6301051;13351871488.00
20111102;834.57;877.08;830.82;877.08;8516046;18532100096.00
20111103;881.85;894.00;873.71;873.71;9918097;21954496512.00
20111104;877.47;883.50;872.60;878.77;6660408;14420357120.00
20111107;876.90;886.56;874.65;877.53;5225319;11184477184.00
20111108;877.21;879.41;860.37;861.62;5445644;11385943040.00
20111109;864.63;888.32;858.75;888.32;6883981;14462601216.00
20111110;879.04;909.40;876.41;893.04;10350638;21271803904.00
20111111;891.61;901.69;885.20;891.02;7667414;15299229696.00
20111114;898.58;918.10;898.58;917.37;8111971;17301794816.00
20111115;917.02;922.83;913.27;921.55;7390361;16086623232.00
20111116;921.71;921.93;889.46;893.96;7071704;15581016064.00
20111117;894.38;916.90;894.16;903.41;6529090;15537257472.00
20111118;896.86;897.13;874.11;875.31;6104312;13975896064.00
20111121;872.94;874.45;852.66;866.27;4658928;10562271232.00
20111122;858.54;869.76;853.01;869.74;4089331;9250623488.00
20111123;870.22;876.11;865.15;867.96;4401078;10233348096.00
20111124;859.60;877.50;854.07;870.87;4339728;9901306880.00
20111125;869.37;877.31;861.00;863.75;4199906;9380876288.00
20111128;864.26;869.98;857.14;865.80;3976937;8814186496.00
20111129;871.20;878.16;865.06;878.16;4643475;10228453376.00
20111130;876.54;876.54;820.74;833.29;5836485;12361840640.00
20111201;856.94;868.16;848.89;850.41;5721672;12628591616.00
20111202;846.40;846.40;823.87;827.41;4038192;8618166272.00
20111205;823.60;823.60;789.12;790.83;3444620;7250952192.00
20111206;787.24;802.39;784.37;799.22;3163315;6739986432.00
20111207;798.31;807.35;795.69;804.48;3027377;6383926784.00
20111208;801.86;822.23;790.43;812.12;4313036;9152577536.00
20111209;805.20;815.46;800.44;803.39;3100105;6681687552.00
20111212;802.89;807.94;794.39;795.62;2535366;5396682752.00
20111213;791.94;791.94;768.91;772.83;3434004;6930548224.00
20111214;770.11;778.37;758.01;759.79;3208382;6600592384.00
20111215;755.44;762.03;748.40;750.65;3484290;6640247808.00
20111216;749.17;781.33;749.17;781.33;4329477;8408399872.00
20111219;776.66;795.16;769.14;795.16;5077001;9994733568.00
20111220;793.01;800.88;782.92;783.26;4050591;8198645248.00
20111221;788.48;792.90;763.31;763.63;3864116;7721842688.00
20111222;757.05;766.63;728.16;756.76;4661591;8933609472.00
20111223;753.75;768.74;750.25;760.04;3634598;6986410496.00
20111226;759.15;767.78;750.27;751.10;2920372;5633032192.00
20111227;747.58;747.67;721.87;723.31;3309759;6339851264.00
20111228;718.02;718.02;695.36;713.77;3184214;5817504256.00
20111229;710.73;718.09;707.09;713.00;2826757;5237685248.00
20111230;714.35;726.83;714.35;725.78;3107815;5922430464.00
20120104;730.60;734.41;702.49;702.49;3199979;6255422976.00
20120105;695.96;695.96;661.61;662.93;4016077;7183916544.00
20120106;658.25;667.04;642.64;664.48;3237514;5678513664.00
20120109;663.39;689.26;653.60;689.26;4139809;7281459712.00
20120110;688.45;715.62;687.13;714.16;5745643;10204140544.00
20120111;712.70;726.07;708.23;715.60;4991164;9200832512.00
20120112;713.61;720.81;706.02;706.79;3943702;7527130624.00
20120113;705.83;706.17;663.09;663.90;4993608;9195455488.00
20120116;654.89;654.89;631.02;631.07;3313456;5707095040.00
20120117;628.25;662.56;621.05;661.45;4536490;7714785280.00
20120118;661.31;664.25;620.90;623.69;4788498;8235362304.00
20120119;620.34;635.96;613.30;632.79;4378062;7181059072.00
20120120;634.32;646.39;634.32;644.68;3794611;6148722176.00
20120130;647.02;658.90;643.00;649.83;3696327;6254369280.00
20120131;648.19;648.58;636.16;646.70;3122930;5195524096.00
20120201;645.73;660.47;643.06;648.20;3643957;6381267968.00
20120202;649.40;662.21;649.40;662.21;3948431;6593330176.00
20120203;662.26;679.23;660.37;677.72;5084726;8515800064.00
20120206;678.60;687.41;677.77;684.30;4913462;8371000832.00
20120207;681.84;681.84;667.23;671.53;4022296;6922642432.00
20120208;670.73;689.80;667.99;689.80;4690441;7866153984.00
20120209;689.63;703.56;688.07;695.50;5973569;10602221568.00
20120210;694.49;700.62;691.35;696.81;4682201;8154155008.00
20120213;692.74;716.03;689.06;712.03;5579601;10169381888.00
20120214;712.01;714.39;705.30;709.66;4136397;7509932544.00
20120215;709.10;722.35;705.24;722.35;5543246;9792724992.00
20120216;721.31;728.62;712.59;719.77;6034968;10910654464.00
20120217;720.43;724.37;707.43;715.35;4661937;8426792960.00
20120220;723.84;728.81;718.98;719.08;5648109;10548620288.00
20120221;718.00;734.64;712.40;734.64;6682664;12894850048.00
20120222;735.39;757.57;735.39;757.54;8969181;17076253696.00
20120223;759.01;764.69;749.72;758.58;8406383;16461539328.00
20120224;757.88;766.23;757.31;764.68;7390736;14471959552.00
20120227;766.47;774.17;762.60;763.52;8006044;15972548608.00
20120228;760.51;761.88;743.08;752.61;7978856;15831913472.00
20120229;751.39;751.95;738.25;739.02;5904585;11878243328.00
20120301;737.90;751.36;737.33;745.97;5005155;9873184768.00
20120302;746.70;760.62;746.70;760.62;5487447;10541741056.00
20120305;762.56;768.41;761.90;762.44;6271370;12583515136.00
20120306;761.09;761.12;746.63;754.17;6023767;12092241920.00
20120307;747.09;763.36;744.25;753.40;5943515;11618574336.00
20120308;755.42;766.83;755.42;764.57;5558078;10954819584.00
20120309;767.27;780.92;767.27;780.92;6901049;13933155328.00
20120312;782.84;788.36;781.01;788.36;6946633;14504782848.00
20120313;788.66;795.67;785.65;795.67;7151396;14471235584.00
20120314;798.85;805.74;754.13;760.01;10995381;22280605696.00
20120315;759.15;763.69;740.76;752.27;7483183;15366282240.00
20120316;752.86;770.47;750.70;770.46;6549303;13206207488.00
20120319;770.12;783.33;768.24;783.33;6515828;13428958208.00
20120320;781.41;781.41;757.75;757.82;6107047;12632652800.00
20120321;760.65;763.47;740.06;754.24;6039931;12464781312.00
20120322;752.87;759.30;748.44;753.71;4550956;9307823104.00
20120323;751.60;752.57;736.62;739.71;4480951;8913025024.00
20120326;737.67;743.21;733.37;738.76;3642018;7504210944.00
20120327;740.87;747.21;736.53;737.65;4024035;8327455232.00
20120328;735.02;735.02;699.10;699.91;5442515;10343209984.00
20120329;693.10;696.01;677.49;683.66;4575497;8796279808.00
20120330;682.47;686.71;672.97;678.07;4235671;7524522496.00
20120405;677.58;697.85;676.26;697.45;4398592;8139042816.00
20120406;697.44;704.62;695.58;701.80;4392632;8123333120.00
20120409;700.38;702.92;691.69;691.69;3567381;6617421312.00
20120410;688.85;699.30;675.23;699.30;4428713;8335929344.00
20120411;692.64;703.48;688.34;700.61;3932711;7289342464.00
20120412;701.52;715.06;699.79;715.00;4848404;8742504448.00
20120413;716.40;723.99;715.36;719.79;5012434;9048128512.00
20120416;715.74;719.77;712.24;716.65;3810806;7020923904.00
20120417;716.77;718.64;710.08;710.59;3916592;7205047296.00
20120418;711.71;725.80;711.69;725.66;4872801;8658680832.00
20120419;725.71;730.32;723.96;727.62;4816492;8671576064.00
20120420;726.74;732.80;724.76;732.80;4664623;8563810816.00
20120423;729.73;729.73;692.61;694.41;7329878;12184521728.00
20120424;685.12;693.28;666.55;683.72;5847303;9768644608.00
20120425;682.04;687.31;677.73;685.54;4409875;7488756736.00
20120426;686.22;688.41;677.89;681.99;3854188;6393999872.00
20120427;681.47;692.92;680.33;688.82;4055114;6645783552.00
20120502;695.28;699.55;690.13;697.32;4355691;7297612800.00
20120503;696.89;702.89;694.30;702.89;4122607;7163295744.00
20120504;703.49;717.76;703.49;717.45;5389721;9559414784.00
20120507;715.58;735.25;714.47;735.25;6120061;11365815296.00
20120508;736.11;741.37;732.88;736.04;6619395;12256109568.00
20120509;732.26;732.26;723.10;723.92;5805832;10722110464.00
20120510;722.71;735.09;722.71;731.98;5157954;9364610048.00
20120511;731.48;734.55;725.69;725.69;6002107;10597363712.00
20120514;729.50;733.30;722.27;724.00;6024591;10781066240.00
20120515;718.82;723.41;713.58;723.41;5181663;8551771136.00
20120516;722.06;724.89;713.86;713.86;4539305;7995872256.00
20120517;713.86;722.74;709.18;721.05;4652233;7831743488.00
20120518;717.20;721.38;710.19;711.71;5671258;9506850816.00
20120521;711.09;714.15;703.78;709.57;4603324;7718877184.00
20120522;711.69;719.48;711.69;719.48;4144234;7065822208.00
20120523;719.67;720.71;708.84;716.03;5134553;8355796480.00
20120524;714.87;719.50;711.95;714.28;5074632;7938728448.00
20120525;714.47;715.71;699.57;701.39;4753242;7405138432.00
20120528;698.39;705.18;685.13;704.95;4642532;6957912576.00
20120529;704.54;718.93;703.46;717.84;5517466;8614719488.00
20120530;718.11;727.43;717.02;724.13;6051260;9449503744.00
20120531;721.63;737.19;719.02;732.01;6704540;10470687744.00
20120601;731.44;737.16;727.64;731.73;6364930;10281749504.00
20120604;719.66;728.04;711.55;711.55;6180151;9890638848.00
20120605;712.04;715.53;708.28;710.03;4196364;6980781056.00
20120606;711.11;716.35;705.66;709.41;3899403;6135925760.00
20120607;714.97;718.47;704.40;706.49;4404545;7129425920.00
20120608;710.80;714.61;705.07;707.89;5113299;8438783488.00
20120611;708.19;728.36;708.19;728.36;6469825;10564123648.00
20120612;726.09;732.21;724.64;728.16;6473938;10540730368.00
20120613;729.17;740.96;729.17;740.96;7171411;11393901568.00
20120614;740.19;744.52;735.41;736.38;7100318;11173150720.00
20120615;738.16;743.41;730.45;739.55;6901456;10690936832.00
20120618;741.52;752.16;741.52;752.05;7963397;12661071872.00
20120619;750.90;753.38;747.61;749.60;8450026;13676340224.00
20120620;749.81;756.53;749.81;753.88;8516857;13382775808.00
20120621;751.83;751.84;737.25;742.84;7793461;12077736960.00
20120625;739.93;739.99;723.69;723.86;6650405;10246995968.00
20120626;719.62;724.47;707.93;721.20;6050191;9346811904.00
20120627;720.85;735.63;720.66;726.19;6893909;11153943552.00
20120628;726.05;730.36;717.56;717.56;7400715;11543258112.00
20120629;714.37;730.92;710.89;730.92;7104601;10943670272.00
20120702;734.66;748.53;734.66;745.39;7743385;12662424576.00
20120703;746.03;756.34;744.70;751.50;9347557;15016559616.00
20120704;751.83;755.24;743.78;746.23;7965051;12651426816.00
20120705;744.87;744.87;729.22;732.06;7451569;12658470912.00
20120706;734.34;742.98;718.92;742.68;8229852;13946959872.00
20120709;738.26;741.71;724.60;724.92;7618162;12513336320.00
20120710;721.12;722.25;710.25;711.46;7035974;11258737664.00
20120711;708.80;715.97;705.48;715.97;5668275;9289327616.00
20120712;714.76;729.99;711.73;727.99;7327215;12010072064.00
20120713;724.48;728.82;715.14;716.35;7484220;11769919488.00
20120716;712.55;712.55;682.18;682.33;8277827;12381725696.00
20120717;678.31;686.55;675.50;686.55;5490463;8135860224.00
20120718;685.34;692.02;675.08;692.01;6205300;9330485248.00
20120719;691.22;705.56;688.78;700.07;7086094;10606734336.00
20120720;699.00;705.75;696.28;697.66;5726630;8561980416.00
20120723;694.27;697.92;687.37;694.31;5174114;7928103936.00
20120724;690.95;703.53;688.68;699.08;5225363;7916527104.00
20120725;697.48;708.78;696.30;700.14;6079428;9581913088.00
20120726;699.41;707.37;694.62;696.10;5454039;9334444032.00
20120727;697.72;701.01;688.82;694.09;5414012;9297519616.00
20120730;693.82;696.72;674.64;677.52;5253859;8081165824.00
20120731;675.53;676.31;660.89;663.75;4853302;7268193280.00
20120801;663.71;680.95;663.52;676.26;4694356;7264239616.00
20120802;674.90;681.96;671.69;678.15;4952914;8007464448.00
20120803;678.58;697.98;677.16;697.98;6116857;9951736832.00
20120806;694.17;716.57;692.78;715.92;7449598;12166356992.00
20120807;715.29;721.92;715.01;720.92;7168251;12394076160.00
20120808;719.87;719.87;709.45;715.50;5817704;9512717312.00
20120809;715.07;729.46;713.54;729.46;7047415;11361191936.00
20120810;729.05;730.95;723.83;729.41;6130295;9977133056.00
20120813;728.58;729.31;714.87;715.15;6153185;9743975424.00
20120814;714.07;723.80;702.05;723.80;6321178;9961432064.00
20120815;721.57;722.71;715.06;716.12;5061585;8380069376.00
20120816;714.95;716.44;707.03;709.12;4190766;6519146496.00
20120817;707.51;710.42;701.21;708.83;4587319;7575892992.00
20120820;706.02;719.10;701.31;718.22;5226300;7873937408.00
20120821;717.56;740.59;717.36;736.69;8531240;12839668736.00
20120822;737.20;743.59;732.55;736.31;8927211;13830394880.00
20120823;734.94;743.46;732.04;742.69;8967548;13400264704.00
20120824;739.43;741.89;724.87;724.87;7938356;11822665728.00
20120827;721.89;721.89;711.71;712.29;6616475;9809828864.00
20120828;710.89;725.72;708.63;721.29;6369418;9864506368.00
20120829;720.52;733.39;717.81;723.44;7768386;11864800256.00
20120830;722.13;724.96;687.65;700.79;9026271;13884424192.00
20120831;698.15;708.46;696.35;705.55;5713335;8490188288.00
20120903;702.82;723.10;700.90;721.94;6550696;10114034688.00
20120904;722.49;732.01;720.61;721.67;7726658;11831119872.00
20120905;720.06;733.51;718.93;730.74;7974381;11487502336.00
20120906;731.95;739.21;730.25;739.21;8159590;11740803072.00
20120907;744.03;763.11;743.65;758.34;13543458;19814877184.00
20120910;758.36;766.23;754.86;764.14;11740558;17374341120.00
20120911;762.01;763.66;757.58;761.64;10596146;15177981952.00
20120912;762.78;765.76;753.67;762.30;9339448;13624413184.00
20120913;761.78;764.57;749.11;749.11;9173259;13205104640.00
20120914;752.62;755.55;738.34;744.59;8116033;11716488192.00
20120917;742.64;742.64;721.63;721.70;6607895;9249355776.00
20120918;719.89;728.26;718.24;722.65;5238138;7477218304.00
20120919;723.67;729.02;722.51;727.43;5185624;7229563392.00
20120920;726.54;726.54;701.11;702.46;7233442;10191954944.00
20120921;700.19;702.64;687.01;687.84;5853245;8191398912.00
20120924;683.88;693.35;676.98;689.63;4778873;6574084608.00
20120925;687.79;691.78;678.99;680.43;4456483;6326870016.00
20120926;678.83;681.01;658.23;659.35;4785552;6489859072.00
20120927;659.80;678.36;659.80;674.54;5945533;8161646592.00
20120928;671.66;687.58;669.57;687.12;5422738;7332236288.00
20121008;687.44;690.74;683.97;687.98;4349180;6159034368.00
20121009;688.81;710.33;688.81;710.33;7160979;9896807424.00
20121010;710.28;720.13;708.55;719.86;7759453;10888650752.00
20121011;718.22;720.85;705.88;706.21;7193188;10103312384.00
20121012;706.16;713.96;695.18;703.08;5987717;8358519808.00
20121015;700.44;700.68;686.58;693.98;6047799;8292546048.00
20121016;693.20;703.27;691.21;697.19;5172678;7118676480.00
20121017;698.00;703.01;693.28;701.12;4990477;6479670784.00
20121018;701.18;713.67;701.15;712.59;6401507;8488528384.00
20121019;712.70;714.65;708.38;711.38;5538693;7311275008.00
20121022;708.64;716.48;706.68;716.48;4823414;6624270336.00
20121023;716.34;717.41;703.86;704.39;5466438;7625218048.00
20121024;700.54;705.83;697.80;700.58;4503437;6164856832.00
20121025;700.82;704.80;691.71;692.27;5334304;6885202944.00
20121026;691.48;692.16;675.62;679.70;5193825;6962721280.00
20121029;678.14;684.87;676.77;681.79;3560576;4970393088.00
20121030;681.88;687.87;681.06;682.76;3599959;4842596352.00
20121031;682.63;685.16;678.66;685.16;3571403;4797871104.00
20121101;685.60;696.56;685.60;695.69;5259021;7205082624.00
20121102;695.84;697.34;691.68;696.34;4204743;5825715200.00
20121105;695.37;697.66;687.26;689.29;4639898;6375226368.00
20121106;689.57;689.65;676.95;687.04;5455890;7189585920.00
20121107;686.58;689.55;683.57;686.59;4386248;5742192128.00
20121108;682.18;682.18;671.10;671.10;4815110;6110953472.00
20121109;669.88;673.64;666.88;668.23;4163754;5322676224.00
20121112;669.39;675.54;667.76;672.99;4382156;5874603520.00
20121113;672.71;672.71;661.35;662.41;4886384;6803796480.00
20121114;661.50;663.78;655.09;662.83;4510092;6310714880.00
20121115;660.36;663.58;652.62;653.51;4555697;6158165504.00
20121116;653.43;653.74;647.75;651.48;4490723;5846866944.00
20121119;650.42;654.39;644.92;654.39;4604530;5909833728.00
20121120;655.10;658.95;653.56;654.52;5259807;6688990208.00
20121121;654.11;659.40;645.44;659.38;5876733;7191150592.00
20121122;658.13;658.13;650.39;652.24;4934023;6072165376.00
20121123;652.39;656.52;650.54;651.99;5051591;6264629760.00
20121126;651.25;651.29;639.06;639.65;4251121;5362885120.00
20121127;637.08;637.08;613.40;613.63;5938245;7055560704.00
20121128;609.67;609.67;601.14;602.73;4225700;4823148544.00
20121129;602.21;606.67;594.66;596.16;4185997;4654642688.00
20121130;595.71;602.26;593.59;600.82;3821377;4240512000.00
20121203;599.86;601.46;584.56;584.88;4334762;4661748224.00
20121204;583.37;593.17;575.83;592.50;4819210;5175262720.00
20121205;591.50;619.32;590.01;615.99;7126108;8027332096.00
20121206;616.27;621.37;611.46;615.54;5574226;6030374912.00
20121207;615.38;630.63;613.23;630.08;7409448;8041907712.00
20121210;631.08;641.59;629.35;641.15;9109239;9947908096.00
20121211;639.53;641.00;634.89;635.00;7556457;8235948544.00
20121212;633.88;635.93;626.71;635.37;7066769;8221286912.00
20121213;633.97;636.75;626.03;627.04;6302316;7262010880.00
20121214;626.30;651.47;626.28;651.28;10223858;11846292480.00
20121217;651.80;653.83;643.41;648.88;8774594;10498177024.00
20121218;647.78;654.11;643.06;645.98;8205784;9741142016.00
20121219;645.22;653.94;644.50;651.66;7097529;8524708864.00
20121220;651.06;659.07;647.98;659.07;9026824;11318269952.00
20121221;659.24;673.04;656.89;669.77;10835753;14339454976.00
20121224;668.49;682.06;668.04;682.06;9262876;13112772608.00
20121225;681.30;698.55;680.16;696.28;12040809;16555552768.00
20121226;695.69;715.29;694.76;715.28;12975129;18161238016.00
20121227;716.19;718.78;699.98;699.98;12521588;17619951616.00
20121228;698.70;708.97;694.98;708.53;9936140;14345195520.00
20121231;708.82;711.94;703.83;711.94;9208257;13917795328.00
20130104;715.06;716.52;700.39;708.77;10144829;15154003968.00
20130107;708.52;723.14;707.13;723.14;10828473;15829220352.00
20130108;723.90;740.89;721.51;736.90;13556817;19833141248.00
20130109;734.87;743.02;728.49;735.53;13175455;18678317056.00
20130110;734.73;743.94;734.73;742.08;11541677;16211091456.00
20130111;743.00;749.72;733.13;734.77;13876465;20569317376.00
20130114;736.70;764.72;736.24;764.02;14605320;22010693632.00
20130115;766.38;782.77;766.38;780.13;17366908;25882937344.00
20130116;778.40;779.52;761.27;773.57;13673649;20057542656.00
20130117;773.30;775.67;765.78;766.96;10598855;15815666688.00
20130118;769.56;782.77;767.62;782.77;10860702;16637217792.00
20130121;783.78;788.39;779.81;788.39;10446623;16241294336.00
20130122;787.93;787.93;762.15;768.29;11331764;17303310336.00
20130123;765.88;770.62;756.90;770.55;9171228;14057892864.00
20130124;770.28;775.06;741.39;748.52;11159147;16720373760.00
20130125;748.29;757.10;747.86;752.54;7258003;10749982720.00
20130128;752.85;773.79;752.85;773.79;8328960;12456330240.00
20130129;774.71;784.10;774.71;781.60;9819117;15013084160.00
20130130;781.81;782.08;768.78;775.77;9572741;14417985536.00
20130131;773.94;774.04;761.79;767.00;9124011;13519121408.00
20130201;765.28;775.04;763.62;771.79;8442919;12554439680.00
20130204;773.08;775.04;757.52;760.22;9158984;13392112640.00
20130205;756.95;770.20;754.64;770.07;7394333;11308106752.00
20130206;770.27;780.92;770.27;777.99;7177631;10775900160.00
20130207;778.73;789.48;775.43;789.01;7153997;11240184832.00
20130208;788.60;806.85;788.60;805.12;8513248;13504157696.00
20130218;809.89;816.52;807.36;816.18;10496588;15841469440.00
20130219;815.62;816.21;799.13;802.09;9619501;14588089344.00
20130220;801.49;829.33;801.49;829.33;10784609;16691671040.00
20130221;825.81;831.40;810.41;818.82;12723523;18881634304.00
20130222;816.58;826.44;816.40;817.48;9580222;13950876672.00
20130225;817.11;833.62;817.11;832.18;10134054;15521518592.00
20130226;829.95;841.44;825.47;826.29;11871814;19095382016.00
20130227;827.08;831.14;813.56;821.19;10080143;15728187392.00
20130228;820.99;836.06;818.65;836.06;10356165;16057692160.00
20130301;835.86;858.88;835.19;858.63;13695510;21383827456.00
20130304;853.77;861.28;830.83;838.10;13807495;21720938496.00
20130305;836.41;862.12;833.68;862.03;10776582;17242798080.00
20130306;863.69;878.79;863.69;878.11;13402307;21524635648.00
20130307;876.83;877.80;846.22;854.92;12172461;19729743872.00
20130308;855.21;858.94;840.06;842.27;8671513;13639057408.00
20130311;841.04;848.71;836.75;844.91;6526882;10446734336.00
20130312;845.23;848.25;803.69;814.04;10783894;16449540096.00
20130313;810.66;810.66;797.29;808.61;7152214;10652182528.00
20130314;807.11;818.22;806.24;814.41;6051636;9546544128.00
20130315;814.40;836.35;810.78;823.57;7882428;12735345664.00
20130318;821.58;828.99;817.80;818.89;6612164;10568662016.00
20130319;817.85;821.68;799.70;813.64;6628980;10474876928.00
20130320;813.37;836.11;813.37;836.11;7972105;12451496960.00
20130321;836.65;853.34;836.03;850.05;9362199;15108822016.00
20130322;849.28;852.33;845.09;850.94;7336864;11724418048.00
20130325;851.27;852.82;843.23;848.99;6744978;10735076352.00
20130326;846.40;846.40;830.67;842.97;7059627;11288557568.00
20130327;842.78;851.73;840.63;847.85;6436413;10401600512.00
20130328;842.76;842.76;826.23;828.46;7385805;11886967808.00
20130329;828.85;833.47;822.92;826.65;5532533;9101844480.00
20130401;826.17;838.73;826.09;836.37;5866252;9972400128.00
20130402;835.51;842.50;808.40;809.93;7456575;12862231552.00
20130403;807.93;810.14;793.34;800.56;6106940;9845922816.00
20130408;790.63;814.89;782.90;814.89;6575443;10564588544.00
20130409;815.06;823.52;814.69;822.30;5703842;9177423872.00
20130410;821.70;822.90;806.01;813.32;5556804;8865507328.00
20130411;815.24;818.41;810.31;810.86;4771679;7235178496.00
20130412;810.19;815.77;806.45;807.19;4371018;6728069120.00
20130415;804.78;805.70;794.57;796.64;3993101;6128634880.00
20130416;790.28;805.53;786.46;805.53;4382005;6647623168.00
20130417;805.03;822.73;804.83;822.73;5291209;8736038912.00
20130418;818.53;830.22;816.54;828.25;6084981;9963131904.00
20130419;828.91;849.76;828.91;846.60;8028408;13077398528.00
20130422;844.69;865.18;843.54;865.17;8193787;14337879040.00
20130423;865.41;865.41;841.57;842.93;8480977;14524445696.00
20130424;843.09;871.70;843.09;871.16;8772878;15710850048.00
20130425;870.60;880.95;853.47;853.47;10505929;19587078144.00
20130426;851.91;854.16;834.77;836.88;7160701;12785017856.00
20130502;834.14;855.67;831.57;855.39;5383285;10506944512.00
20130503;857.82;879.86;857.82;879.25;7910953;14597169152.00
20130506;881.35;901.85;881.35;899.08;10341542;18598533120.00
20130507;897.96;904.43;892.28;898.59;9122569;15957875712.00
20130508;900.37;918.07;900.37;918.07;10723617;18857281536.00
20130509;918.02;929.44;914.89;928.82;13408968;23758632960.00
20130510;926.61;932.19;916.06;925.47;12371032;21310416896.00
20130513;926.83;934.24;919.32;934.21;10894688;18306514944.00
20130514;932.54;932.54;913.45;917.92;10262555;17409345536.00
20130515;918.35;948.02;918.35;948.02;11464506;19375796224.00
20130516;947.22;965.98;935.64;942.65;16214896;27452921856.00
20130517;939.62;961.95;937.89;958.22;13263337;21290096640.00
20130520;960.54;985.56;960.54;985.40;16894821;27767126016.00
20130521;984.67;1007.97;983.43;1007.77;17795690;29065637888.00
20130522;1003.45;1003.45;973.38;977.39;17050077;27248619520.00
20130523;972.79;997.36;970.80;979.74;14146083;22701936640.00
20130524;981.06;1008.30;981.06;1008.30;15023082;24297490432.00
20130527;1009.73;1022.70;1009.72;1022.07;16132262;26457536512.00
20130528;1021.19;1021.19;987.60;991.10;15413445;23989071872.00
20130529;988.85;999.66;987.05;998.78;11569457;17909067776.00
20130530;996.48;1010.86;994.18;1007.70;12702507;20346195968.00
20130531;1008.04;1019.24;1003.71;1007.51;14032823;22499551232.00
20130603;1005.43;1008.89;986.28;988.10;12668299;21331224576.00
20130604;986.20;986.27;952.06;962.87;12745388;20321660928.00
20130605;961.48;977.25;961.48;972.72;9397943;14973290496.00
20130606;968.21;969.94;958.53;959.80;9843383;15174045696.00
20130607;959.88;972.88;950.85;960.27;10557897;16621047808.00
20130613;949.11;952.62;915.92;952.03;9936156;16138308608.00
20130614;952.93;989.16;952.93;987.81;11803687;20003014656.00
20130617;992.15;1008.81;987.52;992.90;13475017;23780831232.00
20130618;991.66;996.18;972.73;992.67;11576013;19697608704.00
20130619;986.10;991.23;976.21;990.56;10743146;17854930944.00
20130620;984.32;990.59;952.60;953.60;11540617;18814150656.00
20130621;933.30;955.36;915.10;950.89;11389661;17502574592.00
20130624;948.91;948.91;891.71;901.34;12623826;19105257472.00
20130625;889.53;916.80;838.11;911.86;15317767;23112775680.00
20130626;911.43;959.21;909.60;959.21;16903147;26334160896.00
20130627;962.25;979.47;940.34;943.05;17666648;28082198528.00
20130628;933.49;955.29;921.77;929.80;12387925;19117445120.00
20130701;928.27;968.40;923.80;968.40;12474594;19904763904.00
20130702;969.16;994.22;969.14;992.14;15790758;26463344640.00
20130703;988.20;1011.25;974.23;1007.92;16168071;27607484416.00
20130704;1001.33;1012.03;991.76;995.03;14852731;24740081664.00
20130705;994.55;999.31;968.43;968.43;13408043;21923588096.00
20130708;948.98;960.89;925.65;935.94;12582243;18990876672.00
20130709;934.02;951.67;931.49;950.91;10557293;16838218752.00
20130710;950.17;970.29;950.05;970.29;12160101;19681974272.00
20130711;968.88;986.59;961.85;983.87;13950763;21739335680.00
20130712;982.78;1015.40;981.17;996.80;15481150;25711355904.00
20130715;998.39;1036.50;998.39;1036.50;17356196;29363378176.00
20130716;1038.69;1048.58;1029.30;1043.99;17169450;27951022080.00
20130717;1041.81;1052.12;1025.55;1033.59;17598208;28429379584.00
20130718;1029.78;1045.98;1024.43;1039.89;16214187;25474951168.00
20130719;1038.45;1062.89;1023.53;1023.53;18433528;29472653312.00
20130722;1017.21;1061.54;1013.75;1061.54;15878729;25835337728.00
20130723;1066.69;1087.41;1066.69;1087.41;19928652;32615868416.00
20130724;1087.53;1113.17;1084.30;1109.40;20958971;34708639744.00
20130725;1109.77;1111.47;1055.76;1056.93;20110376;33801039872.00
20130726;1054.73;1069.96;1038.82;1064.86;14411688;24185319424.00
20130729;1061.07;1073.38;1045.83;1046.78;13991334;23761197056.00
20130730;1046.02;1053.79;1005.63;1032.56;13415517;22088368128.00
20130731;1033.72;1050.31;1027.41;1041.33;11352307;18354393088.00
20130801;1042.72;1091.29;1042.72;1091.11;16891922;27429804032.00
20130802;1095.98;1111.64;1093.12;1094.23;19517891;31209889792.00
20130805;1093.86;1109.37;1091.96;1109.37;16244669;25389408256.00
20130806;1108.80;1121.74;1107.44;1117.32;16970664;28006707200.00
20130807;1114.12;1114.29;1081.67;1083.84;16533909;27025330176.00
20130808;1080.45;1103.00;1075.73;1093.68;12980115;21070544896.00
20130809;1094.75;1101.89;1065.63;1083.67;14222932;23022673920.00
20130812;1085.65;1094.75;1062.51;1078.26;14338272;23048910848.00
20130813;1077.69;1094.98;1070.58;1090.60;13353812;20796624896.00
20130814;1092.57;1103.08;1078.87;1097.53;16202467;25033854976.00
20130815;1095.50;1101.52;1085.63;1086.38;15192214;23629225984.00
20130816;1079.15;1097.41;1051.96;1052.82;15946678;24698320896.00
20130819;1047.73;1088.66;1046.98;1088.50;13073910;21206249472.00
20130820;1088.24;1100.23;1086.56;1096.92;15348980;24397283328.00
20130821;1095.12;1105.58;1091.49;1103.97;14205581;22532610048.00
20130822;1102.93;1122.75;1101.58;1117.19;15582737;25670359040.00
20130823;1119.38;1136.09;1101.75;1129.69;18475568;32292446208.00
20130826;1130.49;1148.16;1130.45;1147.13;15475788;26959392768.00
20130827;1146.63;1156.17;1134.40;1156.17;15101603;25907140608.00
20130828;1148.56;1155.08;1134.89;1135.07;16908633;29987182592.00
20130829;1132.89;1142.73;1126.62;1133.20;12459209;21806219264.00
20130830;1129.96;1131.96;1085.19;1088.74;15474751;25330362368.00
20130902;1084.33;1112.27;1083.44;1112.27;9910558;17221804032.00
20130903;1116.23;1133.29;1115.13;1133.24;10850674;19774689280.00
20130904;1132.17;1141.93;1126.59;1135.07;11878652;21525065728.00
20130905;1133.50;1158.88;1131.60;1158.72;13692142;25634555904.00
20130906;1158.54;1173.03;1152.82;1170.46;14537533;26119628800.00
20130909;1171.08;1171.93;1151.60;1165.55;15545329;28535408640.00
20130910;1166.32;1166.32;1148.01;1157.63;14939382;26942611456.00
20130911;1152.95;1152.98;1114.01;1118.62;16208156;26570352640.00
20130912;1114.24;1131.71;1111.81;1118.07;10582306;17855041536.00
20130913;1118.24;1143.63;1109.82;1141.63;11193165;20388632576.00
20130916;1142.21;1173.66;1142.20;1160.55;12435701;24339529728.00
20130917;1160.90;1163.95;1148.44;1149.45;11536022;21436209152.00
20130918;1148.86;1166.74;1144.42;1165.71;11226571;20341110784.00
20130923;1169.00;1200.42;1169.00;1200.42;15010865;26553442304.00
20130924;1199.88;1210.44;1188.83;1205.52;16213364;29200130048.00
20130925;1202.23;1212.75;1195.86;1197.80;14115351;26173960192.00
20130926;1194.61;1206.75;1182.36;1184.83;13170774;24308912128.00
20130927;1184.93;1202.03;1183.01;1196.70;12841527;23197800448.00
20130930;1200.03;1229.59;1200.03;1229.59;11271966;22024212480.00
20131008;1235.62;1251.64;1230.17;1251.45;14307749;28890826752.00
20131009;1249.73;1277.10;1246.45;1276.10;15712792;31598168064.00
20131010;1280.56;1281.16;1247.72;1248.36;17595101;35573190656.00
20131011;1248.96;1257.63;1236.57;1254.17;15418385;30153472000.00
20131014;1251.11;1270.31;1249.39;1270.08;15929058;29836699648.00
20131015;1273.19;1277.21;1253.65;1262.65;17424881;32699947008.00
20131016;1262.52;1262.52;1207.80;1216.61;16294065;31582318592.00
20131017;1220.16;1237.10;1209.47;1213.44;16227186;29471256576.00
20131018;1215.19;1235.67;1215.19;1233.68;13405970;24821762048.00
20131021;1240.46;1281.64;1240.46;1279.87;17347150;31820214272.00
20131022;1281.09;1288.46;1242.07;1243.94;21904619;40047497216.00
20131023;1234.93;1234.93;1195.34;1209.03;17911764;31975895040.00
20131024;1205.35;1214.97;1194.17;1199.11;12197037;22412675072.00
20131025;1200.34;1205.14;1166.28;1174.71;14500064;26000580608.00
20131028;1171.26;1185.09;1167.46;1180.57;12298115;21853784064.00
20131029;1178.34;1190.05;1110.58;1154.22;17475129;29907228672.00
20131030;1149.18;1170.10;1145.48;1169.57;12776898;23099449344.00
20131031;1164.48;1164.48;1138.24;1138.24;11966456;21578768384.00
20131101;1131.16;1136.54;1108.06;1128.16;11666154;21308018688.00
20131104;1125.31;1144.82;1124.20;1133.56;10090941;18139619328.00
20131105;1129.45;1164.50;1121.90;1164.34;12312914;21556760576.00
20131106;1160.44;1180.30;1150.38;1150.41;13869196;25085128704.00
20131107;1144.01;1156.72;1132.11;1135.61;10827570;18638215168.00
20131108;1128.80;1134.03;1116.46;1121.86;10027417;17887410176.00
20131111;1119.71;1138.39;1108.63;1132.27;9151372;16533169152.00
20131112;1132.83;1150.35;1131.06;1148.52;11849087;20715921408.00
20131113;1146.21;1151.54;1131.13;1132.10;11896718;20988614656.00
20131114;1127.89;1168.33;1123.58;1167.69;14711835;26829193216.00
20131115;1167.57;1201.98;1167.57;1189.00;17592110;32555853824.00
20131118;1195.18;1214.14;1194.96;1211.91;17372801;30896439296.00
20131119;1212.97;1226.59;1209.30;1217.53;17254948;30573383680.00
20131120;1218.32;1221.21;1208.04;1221.16;14999286;26687563776.00
20131121;1217.63;1221.53;1207.52;1216.10;15510614;28426135552.00
20131122;1214.96;1218.37;1206.55;1212.83;13785260;25550045184.00
20131125;1210.00;1225.37;1204.12;1216.31;13616777;25799723008.00
20131126;1215.32;1230.52;1210.55;1223.76;14632953;28137758720.00
20131127;1222.53;1256.92;1221.45;1253.14;17314918;34545827840.00
20131128;1255.51;1265.67;1255.48;1261.92;17112566;33145298944.00
20131129;1261.20;1292.95;1261.20;1291.71;20077894;39800758272.00
20131202;1222.83;1240.75;1182.03;1182.78;22464031;39743893504.00
20131203;1148.53;1187.13;1126.19;1180.58;19229991;33871628288.00
20131204;1174.89;1200.28;1170.59;1170.87;17508512;30552014848.00
20131205;1165.91;1167.26;1140.64;1141.79;15902429;27278839808.00
20131206;1136.51;1150.12;1134.23;1143.40;11847877;20512667648.00
20131209;1146.71;1171.68;1146.70;1171.68;12274145;22353358848.00
20131210;1173.57;1176.52;1156.96;1163.60;12573792;22076489728.00
20131211;1162.03;1179.76;1158.66;1170.54;11848543;21532585984.00
20131212;1168.50;1203.99;1166.75;1198.70;13711614;26085523456.00
20131213;1194.71;1209.77;1189.80;1204.31;13409044;24546904064.00
20131216;1204.09;1215.38;1191.79;1200.89;14699192;26431791104.00
20131217;1199.49;1202.82;1177.28;1191.59;13695909;23406495744.00
20131218;1191.14;1191.43;1176.25;1185.92;12548336;21614483456.00
20131219;1184.58;1203.67;1182.45;1183.11;12168729;22139764736.00
20131220;1182.73;1190.42;1172.80;1179.18;10887876;19358593024.00
20131223;1176.77;1178.87;1152.72;1173.87;11405589;20263745536.00
20131224;1173.40;1197.31;1173.40;1192.76;12160292;21672404992.00
20131225;1195.77;1227.31;1193.51;1227.26;15466452;28048334848.00
20131226;1228.39;1234.73;1208.58;1209.84;15968421;29526120448.00
20131227;1205.67;1241.09;1205.59;1238.05;16428741;28802875392.00
20131230;1240.70;1251.72;1238.75;1251.72;17242559;29918078976.00
20131231;1246.29;1250.65;1229.81;1243.96;14670009;25925101568.00
20140102;1241.29;1273.14;1238.45;1273.05;16376142;28859387904.00
20140103;1271.46;1288.66;1270.85;1286.49;19116662;33475250176.00
20140106;1283.31;1283.31;1252.73;1253.12;17027572;30196224000.00
20140107;1245.94;1280.48;1242.96;1279.05;14884362;25625233408.00
20140108;1287.69;1324.92;1287.69;1321.15;22492878;42087665664.00
20140109;1318.14;1331.59;1292.19;1292.75;20653469;39430127616.00
20140110;1285.79;1298.66;1262.58;1269.02;13861382;24539396096.00
20140113;1267.75;1286.55;1266.07;1277.84;12307289;22095708160.00
20140114;1279.30;1316.14;1279.30;1316.14;15252891;26575872000.00
20140115;1315.64;1333.67;1314.17;1333.64;16945264;30011791360.00
20140116;1334.04;1341.59;1316.64;1319.07;17455991;31597408256.00
20140117;1316.95;1333.04;1313.34;1320.83;15810389;28223385600.00
20140120;1319.77;1326.97;1292.51;1301.91;16202711;28485300224.00
20140121;1299.01;1333.71;1299.01;1333.65;17582378;32114014208.00
20140122;1333.66;1354.26;1333.26;1354.25;20805985;39733305344.00
20140123;1354.37;1391.36;1353.50;1383.49;22799105;44890746880.00
20140124;1380.01;1409.68;1377.97;1402.96;22093328;44243628032.00
20140127;1395.72;1417.31;1386.10;1397.91;20450627;41782980608.00
20140128;1395.79;1404.14;1367.48;1388.33;16541491;34476281856.00
20140129;1389.01;1415.39;1388.79;1414.28;16506821;34668826624.00
20140130;1411.39;1422.08;1402.56;1410.34;14843349;32870320128.00
20140207;1402.88;1445.83;1398.50;1445.83;15892295;34163191808.00
20140210;1449.84;1474.83;1443.35;1473.06;21682497;46050689024.00
20140211;1471.43;1482.72;1434.40;1458.30;22927987;47991283712.00
20140212;1457.65;1476.57;1446.08;1476.57;21319228;44951646208.00
20140213;1473.87;1475.49;1424.88;1424.88;22065731;47121498112.00
20140214;1423.54;1458.44;1417.74;1458.03;17613823;37157064704.00
20140217;1463.80;1501.67;1463.80;1501.46;21744953;46446260224.00
20140218;1502.74;1505.63;1488.45;1495.41;22319417;47633084416.00
20140219;1494.57;1500.91;1474.73;1491.91;20648878;42963517440.00
20140220;1491.52;1492.17;1452.37;1464.53;18896407;40257703936.00
20140221;1460.37;1477.20;1452.89;1469.72;14334863;31613417472.00
20140224;1466.93;1494.92;1459.97;1494.57;16353711;37284012032.00
20140225;1497.55;1521.49;1407.38;1417.82;25248335;57281667072.00
20140226;1398.37;1414.96;1361.24;1413.97;16707338;36270116864.00
20140227;1415.04;1443.49;1365.15;1367.87;17271362;38015356928.00
20140228;1363.80;1389.67;1346.69;1387.99;13321363;29443127296.00
20140303;1387.64;1420.13;1385.53;1419.92;13234945;29790128128.00
20140304;1416.09;1426.96;1398.11;1416.25;13269342;30992717824.00
20140305;1421.73;1427.28;1412.37;1420.98;12673360;28520046592.00
20140306;1418.30;1423.89;1390.30;1421.60;13201713;31236163584.00
20140307;1421.97;1434.30;1411.00;1417.61;13195195;30562617344.00
20140310;1404.60;1404.60;1363.80;1365.80;13398525;27597053952.00
20140311;1359.77;1369.97;1339.92;1355.56;11194251;23542243328.00
20140312;1350.37;1370.90;1330.56;1353.54;11410842;24447971328.00
20140313;1353.99;1386.62;1353.99;1386.62;9633420;20801122304.00
20140314;1381.83;1398.27;1376.31;1386.86;9565163;21222461440.00
20140317;1387.95;1429.25;1387.95;1429.20;11510241;24591357952.00
20140318;1430.81;1448.62;1430.54;1439.18;13605173;30450624512.00
20140319;1435.91;1435.91;1416.92;1429.92;12309232;27095508992.00
20140320;1425.98;1430.35;1381.24;1381.24;13673304;29000947712.00
20140321;1369.97;1392.70;1345.28;1388.57;12203934;25094279168.00
20140324;1383.26;1386.56;1363.99;1368.36;11350111;23877523456.00
20140325;1362.99;1377.69;1353.74;1364.57;9708193;19931201536.00
20140326;1366.20;1391.21;1366.20;1385.94;10503642;21327142912.00
20140327;1383.90;1383.98;1337.46;1337.46;11704150;23262464000.00
20140328;1333.31;1333.49;1287.83;1294.17;12565198;23828629504.00
20140331;1289.62;1302.57;1278.34;1289.13;8067195;15752434688.00
20140401;1288.22;1318.78;1288.22;1318.26;8320095;16861152256.00
20140402;1319.00;1323.91;1286.73;1297.02;8936018;18435670016.00
20140403;1296.08;1314.88;1290.86;1299.72;8771988;17490591744.00
20140404;1296.96;1319.22;1291.00;1319.11;8297504;16559165440.00
20140408;1308.18;1323.55;1300.67;1323.55;9691708;18769569792.00
20140409;1325.94;1347.65;1325.94;1347.47;11938833;23813203968.00
20140410;1349.66;1367.55;1349.66;1353.46;14063900;28469202944.00
20140411;1342.86;1342.86;1325.74;1339.25;10808003;21014579200.00
20140414;1341.34;1351.98;1341.19;1350.44;9870846;19380641792.00
20140415;1351.74;1356.51;1345.02;1348.43;9744830;19139205120.00
20140416;1345.03;1346.92;1332.97;1339.97;8503591;16170488832.00
20140417;1341.11;1352.78;1341.10;1348.38;8546019;16434265088.00
20140418;1346.61;1357.95;1343.69;1357.92;8829689;16940392448.00
20140421;1348.47;1363.81;1343.18;1343.90;9889346;19932604416.00
20140422;1341.13;1346.41;1299.21;1317.06;10385272;20623759360.00
20140423;1314.08;1322.12;1302.56;1310.19;7666299;15531985920.00
20140424;1308.97;1310.07;1289.47;1303.78;8919226;17928550400.00
20140425;1300.97;1304.03;1276.09;1276.73;8835224;16760297472.00
20140428;1268.96;1268.96;1236.61;1236.96;9609466;17432756224.00
20140429;1232.23;1251.07;1230.73;1251.07;7814229;14506907648.00
20140430;1250.43;1271.14;1250.43;1267.62;7374832;13606328320.00
20140505;1266.03;1286.77;1264.39;1286.72;7805789;14705576960.00
20140506;1286.37;1310.53;1286.30;1301.63;9736761;18881607680.00
20140507;1298.07;1298.07;1274.82;1275.11;9100635;17165532160.00
20140508;1270.04;1287.64;1267.05;1268.38;8548140;15493596160.00
20140509;1267.63;1269.59;1240.00;1248.48;8506314;15061423104.00
20140512;1254.85;1272.02;1244.22;1270.34;8980389;15835034624.00
20140513;1268.69;1284.71;1267.79;1271.68;9329826;16388922368.00
20140514;1269.66;1277.29;1267.20;1275.67;8878107;15697816576.00
20140515;1273.88;1280.13;1252.56;1252.64;10236024;18930286592.00
20140516;1248.96;1250.99;1215.85;1232.12;9953688;17949372416.00
20140519;1229.93;1237.04;1219.85;1233.12;8545538;14563387392.00
20140520;1243.65;1264.38;1243.65;1250.10;10926750;19998478336.00
20140521;1246.48;1264.06;1237.43;1264.06;9256264;16086345728.00
20140522;1265.67;1289.89;1265.67;1273.06;12565253;22324895744.00
20140523;1272.61;1298.75;1267.56;1298.51;12017865;21175267328.00
20140526;1303.30;1324.35;1303.30;1323.01;15387081;27351087104.00
20140527;1321.86;1322.48;1310.19;1313.25;13090007;22528002048.00
20140528;1313.25;1343.31;1313.25;1343.31;16564285;29190705152.00
20140529;1342.75;1344.31;1316.83;1318.72;14197108;25754220544.00
20140530;1317.03;1329.98;1306.41;1325.19;12574903;21473505280.00
20140603;1325.74;1336.58;1325.54;1325.54;12791586;22022774784.00
20140604;1323.74;1325.59;1308.54;1325.42;13109901;22923667456.00
20140605;1324.32;1354.99;1322.36;1354.90;15641622;27550187520.00
20140606;1355.31;1363.46;1343.59;1352.40;16552682;28537595904.00
20140609;1350.43;1351.79;1333.52;1334.21;13532664;23049562112.00
20140610;1333.09;1358.11;1324.93;1357.04;15779122;27618545664.00
20140611;1354.39;1372.65;1352.29;1370.81;18025290;30652342272.00
20140612;1368.13;1377.93;1363.20;1369.84;17077623;29256415232.00
20140613;1367.11;1393.67;1366.92;1390.63;18362713;31890419712.00
20140616;1392.88;1405.88;1392.63;1404.31;19278958;34018332672.00
20140617;1403.76;1403.76;1388.89;1389.32;17134809;30727352320.00
20140618;1388.71;1393.54;1371.90;1372.30;15282855;26536611840.00
20140619;1370.92;1376.84;1317.83;1326.99;16903318;28344330240.00
20140620;1325.67;1346.34;1322.12;1345.17;11907174;20364916736.00
20140623;1347.32;1379.89;1347.32;1375.40;14514949;26060365824.00
20140624;1374.71;1384.85;1373.89;1384.06;14517845;25453965312.00
20140625;1383.01;1383.01;1366.09;1376.71;13895424;25052772352.00
20140626;1377.88;1411.62;1377.88;1408.39;18635117;34326822912.00
20140627;1409.86;1423.33;1405.46;1414.39;18283794;34164119552.00
20140630;1414.95;1434.38;1405.74;1434.38;18787736;34382168064.00
20140701;1435.99;1444.45;1429.93;1442.33;19457801;34672238592.00
20140702;1444.01;1452.52;1430.66;1450.73;20532463;36251836416.00
20140703;1449.75;1461.02;1442.87;1454.77;20417851;35608403968.00
20140704;1454.37;1459.22;1444.55;1450.86;19215140;33754023936.00
20140707;1452.04;1452.04;1429.11;1440.69;18228061;31780405248.00
20140708;1439.38;1458.62;1426.12;1458.62;18990540;33694904320.00
20140709;1457.35;1464.67;1430.86;1431.10;21751111;38173839360.00
20140710;1431.03;1437.77;1419.77;1421.70;16514057;29716566016.00
20140711;1421.00;1433.38;1415.33;1421.58;15365743;27890266112.00
20140714;1422.47;1433.91;1410.99;1433.59;17042173;30878248960.00
20140715;1430.71;1431.21;1399.26;1409.25;19208905;33258442752.00
20140716;1405.73;1411.38;1377.82;1385.98;16034403;28027226112.00
20140717;1382.05;1387.27;1370.89;1379.96;11842502;21050556416.00
20140718;1375.88;1388.67;1368.67;1373.11;11155743;19311493120.00
20140721;1371.33;1376.42;1353.91;1371.06;12051162;20787900416.00
20140722;1369.67;1391.74;1368.90;1391.72;12251800;21147627520.00
20140723;1391.55;1392.30;1347.51;1353.18;14436101;25155897344.00
20140724;1350.87;1350.87;1316.46;1332.86;14051676;23820675072.00
20140725;1331.48;1347.31;1331.33;1345.14;10526882;18069397504.00
20140728;1347.97;1373.14;1345.65;1371.66;13836976;22428645376.00
20140729;1373.01;1394.35;1369.20;1389.95;15257236;25686812672.00
20140730;1389.88;1405.07;1388.82;1403.98;15005274;26036908032.00
20140731;1403.29;1407.30;1395.91;1407.11;13773804;22911027200.00
20140801;1403.20;1407.28;1387.35;1389.49;16091302;25580277760.00
20140804;1390.08;1397.33;1389.59;1397.18;12393537;20114649088.00
20140805;1397.37;1426.08;1388.31;1425.20;19490645;32314273792.00
20140806;1422.30;1431.53;1418.90;1429.52;15491641;25903112192.00
20140807;1429.21;1443.60;1423.74;1424.44;16000260;26280695808.00
20140808;1428.70;1442.05;1428.70;1438.46;14450098;24448167936.00
20140811;1440.28;1459.99;1440.28;1459.99;17239951;28335906816.00
20140812;1460.95;1465.03;1457.70;1462.95;17256326;28757669888.00
20140813;1462.69;1462.69;1438.18;1454.73;18046571;30312953856.00
20140814;1455.00;1467.62;1451.84;1452.91;18617046;30235217920.00
20140815;1454.45;1468.09;1450.59;1468.09;17949342;28453128192.00
20140818;1470.48;1502.37;1470.48;1502.29;22445292;38135816192.00
20140819;1507.17;1517.63;1500.81;1511.34;24187900;42152759296.00
20140820;1511.28;1512.42;1498.29;1503.48;19028784;33431715840.00
20140821;1505.24;1519.61;1494.61;1519.61;19577488;35003797504.00
20140822;1521.10;1537.62;1518.80;1534.59;22099973;39074152448.00
20140825;1534.50;1535.01;1517.40;1521.61;19962446;35683684352.00
20140826;1518.87;1520.57;1481.95;1487.27;18360054;31833655296.00
20140827;1486.70;1503.15;1486.70;1498.17;13789763;24509396992.00
20140828;1500.15;1500.92;1477.94;1483.45;13699751;24695572480.00
20140829;1481.40;1503.34;1481.29;1503.34;11562446;21466462208.00
20140901;1506.02;1535.48;1506.02;1535.45;15490858;28766846976.00
20140902;1540.60;1553.26;1540.37;1553.26;20826444;38989307904.00
20140903;1556.70;1569.59;1550.28;1567.47;23968683;43823431680.00
20140904;1569.51;1586.31;1564.25;1585.99;24424653;46283096064.00
20140905;1589.58;1589.58;1575.15;1584.98;21209165;38922432512.00
20140909;1588.33;1595.09;1574.90;1593.31;21566028;39473827840.00
20140910;1590.22;1608.24;1583.61;1606.98;21773264;39693209600.00
20140911;1607.95;1630.45;1598.88;1610.47;26218382;48113975296.00
20140912;1610.15;1623.58;1605.61;1623.58;20829285;37790334976.00
20140915;1624.11;1636.05;1619.88;1634.57;23470990;44328910848.00
20140916;1636.23;1636.81;1575.64;1576.82;27119821;49893588992.00
20140917;1577.24;1584.34;1558.01;1583.71;17503913;31575259136.00
20140918;1582.37;1597.62;1578.50;1597.11;15765159;28453128192.00
20140919;1598.03;1611.48;1594.54;1610.50;16834430;30655012864.00
20140922;1608.47;1608.47;1591.26;1595.08;18443515;33527089152.00
20140923;1596.96;1616.52;1596.45;1616.52;17264769;32133980160.00
20140924;1615.87;1638.48;1613.03;1638.48;20795696;37969571840.00
20140925;1642.84;1649.91;1631.15;1635.48;22699612;41689157632.00
20140926;1633.57;1641.90;1628.98;1641.02;18315997;33634248704.00
20140929;1645.87;1659.94;1645.87;1659.94;21163797;41018613760.00
20140930;1661.18;1673.36;1660.20;1673.35;19584148;37207060480.00
20141008;1676.36;1695.73;1669.96;1695.73;21221706;41662423040.00
20141009;1699.83;1706.80;1676.46;1700.96;25641919;49641332736.00
20141010;1698.47;1702.93;1682.60;1692.96;22691637;43535384576.00
20141013;1686.66;1691.36;1662.56;1691.14;21551881;40575692800.00
20141014;1688.91;1705.45;1674.07;1683.38;20848818;39319654400.00
20141015;1682.10;1688.64;1665.09;1688.64;19598465;37716766720.00
20141016;1680.86;1697.75;1666.87;1666.87;20861354;40500736000.00
20141017;1664.86;1669.29;1618.53;1646.93;20135109;39014694912.00
20141020;1650.17;1673.41;1650.17;1673.41;14849203;30518734848.00
20141021;1674.90;1680.49;1658.73;1659.85;15816636;32957558784.00
20141022;1660.32;1667.27;1641.39;1642.32;15915656;32090503168.00
20141023;1637.47;1641.16;1608.19;1614.38;16279293;31424620544.00
20141024;1615.59;1632.57;1611.24;1616.71;12401052;25079302144.00
20141027;1613.00;1636.68;1603.89;1636.68;14263073;29399910400.00
20141028;1640.76;1675.93;1640.76;1675.93;17756331;35487727616.00
20141029;1680.10;1696.04;1680.10;1690.07;21378044;42886025216.00
20141030;1691.43;1700.00;1681.28;1686.17;19050519;38141157376.00
20141031;1687.29;1689.90;1658.27;1671.87;18562325;36989116416.00
20141103;1672.18;1691.22;1672.11;1691.22;17033744;34225192960.00
20141104;1692.92;1698.20;1672.92;1676.15;17887450;37143355392.00
20141105;1674.35;1677.59;1663.71;1674.16;14780292;29673402368.00
20141106;1674.65;1701.58;1674.65;1701.49;15875527;34072266752.00
20141107;1705.16;1713.14;1680.83;1687.62;20891040;44834623488.00
20141110;1688.72;1690.37;1671.72;1682.64;16067553;34714329088.00
20141111;1683.01;1683.51;1609.90;1623.71;21596510;44860276736.00
20141112;1619.07;1644.35;1615.72;1644.35;13969499;32598984704.00
20141113;1641.30;1641.30;1595.94;1603.53;17414929;37327699968.00
20141114;1599.14;1607.17;1591.20;1598.60;12663598;28843272192.00
20141117;1599.67;1635.12;1593.39;1631.80;13918227;29531924480.00
20141118;1630.80;1641.37;1630.54;1640.78;12484839;26750091264.00
20141119;1645.16;1668.73;1645.16;1663.49;15606058;33045882880.00
20141120;1659.86;1659.86;1650.10;1654.92;14503131;31737735168.00
20141121;1654.22;1673.50;1654.22;1671.39;15206725;32712548352.00
20141124;1680.72;1683.21;1668.08;1680.40;18094254;38274613248.00
20141125;1681.60;1714.24;1680.33;1714.24;21329324;46797185024.00
20141126;1717.90;1734.38;1717.90;1730.74;21577370;46695706624.00
20141127;1735.96;1744.46;1727.81;1744.46;23686674;49206317056.00
20141128;1744.67;1761.78;1738.81;1752.15;25520127;54329839616.00
20141201;1752.81;1752.81;1721.25;1731.71;22709753;49710886912.00
20141202;1730.77;1752.57;1730.77;1749.79;20650691;48101068800.00
20141203;1751.46;1777.65;1718.03;1777.41;30089867;66045603840.00
20141204;1777.91;1801.42;1776.98;1794.69;26899516;59788693504.00
20141205;1795.68;1795.68;1706.17;1744.57;29046141;62846464000.00
20141208;1733.34;1750.15;1711.86;1718.86;26040994;56643526656.00
20141209;1708.11;1717.98;1641.28;1641.95;29630278;61334147072.00
20141210;1637.14;1708.27;1636.00;1704.82;22694195;50381869056.00
20141211;1704.94;1724.51;1696.30;1720.67;22251396;46450761728.00
20141212;1721.75;1758.98;1721.11;1758.04;21641050;46398472192.00
20141215;1756.45;1799.56;1752.70;1796.10;22168990;49688502272.00
20141216;1801.57;1808.23;1771.57;1784.76;20250357;44942323712.00
20141217;1774.83;1779.91;1755.66;1771.03;20235829;45344444416.00
20141218;1766.77;1789.19;1759.78;1761.70;17653811;39560749056.00
20141219;1755.27;1755.27;1693.07;1718.64;19852326;41436061696.00
20141222;1705.75;1705.75;1618.24;1625.38;21296532;41640415232.00
20141223;1612.50;1649.15;1596.69;1604.64;16067375;32707213312.00
20141224;1612.41;1638.55;1612.41;1638.55;14578911;29425833984.00
20141225;1641.19;1648.88;1632.08;1647.64;14030107;30177665024.00
20141226;1647.76;1652.38;1638.32;1648.50;13861501;28996104192.00
20141229;1642.24;1642.24;1594.90;1602.59;18402872;36797181952.00
20141230;1596.32;1597.59;1557.40;1566.80;16799418;33609261056.00
20141231;1564.18;1585.06;1557.74;1580.37;14413885;28909635584.00
20150105;1578.29;1578.29;1532.29;1565.46;17918525;34433384448.00
20150106;1558.33;1635.36;1553.27;1634.97;23463899;47275896832.00
20150107;1634.43;1637.64;1609.26;1617.32;18445958;37899403264.00
20150108;1611.76;1652.92;1611.62;1632.85;18696816;39204143104.00
20150109;1627.11;1667.71;1625.55;1635.83;18988280;40919941120.00
20150112;1630.48;1652.53;1627.44;1646.86;16188545;35995709440.00
20150113;1647.56;1679.10;1641.96;1675.09;17954629;40398041088.00
20150114;1673.37;1676.23;1656.18;1664.67;15881401;34749378560.00
20150115;1661.78;1680.22;1655.61;1659.67;14727005;32266868736.00
20150116;1659.54;1708.03;1659.54;1705.43;18420218;41371320320.00
20150119;1676.81;1753.97;1667.22;1696.30;26167227;58451247104.00
20150120;1701.64;1769.50;1701.64;1769.50;26255330;57614442496.00
20150121;1775.77;1799.29;1773.73;1793.87;29807348;65253965824.00
20150122;1794.12;1815.96;1787.17;1815.96;25850791;57605296128.00
20150123;1816.28;1816.46;1771.19;1775.40;23622923;53181378560.00
20150126;1777.39;1814.46;1777.39;1814.46;20324148;45847670784.00
20150127;1817.29;1824.38;1792.61;1821.58;22208742;50015432704.00
20150128;1818.79;1838.69;1811.79;1815.71;22204674;49983389696.00
20150129;1803.48;1817.72;1793.98;1798.80;17053769;37907546112.00
20150130;1800.67;1807.56;1768.44;1768.65;17600389;38058115072.00
20150202;1752.89;1789.44;1745.65;1779.97;16017327;37366624256.00
20150203;1785.55;1839.80;1785.55;1829.82;22107002;54048165888.00
20150204;1833.07;1848.00;1826.92;1837.96;21675339;51146969088.00
20150205;1839.10;1884.03;1827.86;1854.09;27268284;66054606848.00
20150206;1852.37;1859.34;1802.87;1808.09;22554474;55238836224.00
20150209;1803.20;1825.25;1780.78;1786.62;17274077;41558933504.00
20150210;1783.47;1821.35;1780.14;1821.35;14723102;36367364096.00
20150211;1823.82;1852.99;1823.82;1849.20;17429105;45064384512.00
20150212;1853.99;1876.25;1853.99;1869.50;18833003;48114233344.00
20150213;1879.39;1911.25;1879.39;1910.62;23434641;59694768128.00
20150216;1919.75;1976.51;1919.75;1976.51;25701182;66160893952.00
20150217;1987.31;1988.38;1956.79;1981.28;20837925;54925651968.00
20150225;1986.04;1991.55;1955.91;1960.53;22085809;56275333120.00
20150226;1959.37;1975.01;1932.92;1965.09;22057948;54480478208.00
20150227;1964.53;2008.40;1964.21;2008.40;25087030;63018668032.00
20150302;2022.95;2067.03;2019.64;2066.92;32869531;85074780160.00
20150303;2065.76;2084.90;2045.18;2045.83;33661208;85460164608.00
20150304;2044.28;2094.66;2044.28;2094.66;29329329;75183980544.00
20150305;2101.60;2114.01;2083.61;2103.97;30333941;80855138304.00
20150306;2106.41;2109.59;2040.90;2043.06;27454184;70917914624.00
20150309;2033.47;2088.20;2024.88;2085.01;23708890;63647719424.00
20150310;2090.03;2134.51;2089.75;2131.39;26879783;72778653696.00
20150311;2133.57;2137.58;2110.11;2123.43;27548628;75002273792.00
20150312;2121.09;2138.25;2072.88;2100.50;27515747;73241354240.00
20150313;2103.64;2154.83;2098.80;2154.28;25475091;67976888320.00
20150316;2174.95;2232.90;2174.95;2232.38;34782782;96233218048.00
20150317;2243.35;2256.50;2215.34;2239.97;37031744;101002174464.00
20150318;2240.83;2290.72;2229.88;2290.51;37750039;97714544640.00
20150319;2291.98;2302.54;2275.16;2302.50;34983557;91582242816.00
20150320;2305.13;2353.72;2305.13;2341.30;35792059;99762601984.00
20150323;2359.60;2428.68;2355.98;2428.68;39047313;112421412864.00
20150324;2448.88;2490.62;2377.84;2487.25;48344706;145633673216.00
20150325;2491.87;2547.12;2475.79;2530.04;42627895;130670174208.00
20150326;2508.55;2517.98;2416.88;2441.33;43457615;132777164800.00
20150327;2427.17;2477.53;2424.24;2474.98;31041901;92140838912.00
20150330;2474.27;2485.70;2420.05;2442.12;33193596;96755793920.00
20150331;2443.70;2514.22;2436.99;2493.98;34588776;101099175936.00
20150401;2502.77;2578.72;2502.22;2575.37;34211588;102125166592.00
20150402;2601.46;2651.90;2593.85;2651.90;39817436;122291331072.00
20150403;2644.98;2708.98;2633.92;2704.94;39200268;125450190848.00
20150407;2725.48;2762.86;2721.87;2762.01;39071937;129140310016.00
20150408;2774.26;2774.59;2643.46;2701.63;43774348;141805682688.00
20150409;2692.07;2709.94;2547.08;2702.10;40257707;129849622528.00
20150410;2679.12;2781.51;2664.28;2767.95;35139350;116996292608.00
20150413;2775.43;2824.79;2763.43;2809.31;38288466;129764769792.00
20150414;2814.80;2829.67;2769.54;2788.96;36477492;125662101504.00
20150415;2777.14;2777.14;2657.94;2657.94;36021333;117231788032.00
20150416;2625.03;2741.03;2606.49;2687.62;30450606;99346317312.00
20150417;2707.43;2715.60;2661.83;2672.30;33251374;104600199168.00
20150420;2666.25;2698.80;2612.11;2625.60;34510159;102163398656.00
20150421;2633.99;2761.54;2633.99;2761.54;32057303;100331700224.00
20150422;2795.64;2846.58;2795.64;2836.18;37301989;118747168768.00
20150423;2852.80;2905.47;2851.62;2892.88;38248610;125327450112.00
20150424;2866.00;2922.82;2844.99;2912.42;36429963;123181785088.00
20150427;2949.34;2974.36;2903.07;2915.52;34684443;118941270016.00
20150428;2921.12;2930.86;2792.56;2827.02;34410030;110611693568.00
20150429;2825.10;2931.09;2814.88;2930.86;29865932;106317193216.00
20150430;2956.07;3033.04;2955.81;2979.61;34285827;119879106560.00
20150504;2987.77;2997.45;2933.31;2981.90;29104458;102443892736.00
20150505;2975.03;2984.60;2908.26;2932.65;30083796;100796743680.00
20150506;2952.24;3063.26;2952.24;2982.38;34768114;125809033216.00
20150507;2967.59;3007.43;2942.55;2947.85;30603594;108524773376.00
20150508;2985.74;3123.52;2985.74;3123.52;38363323;134263480320.00
20150511;3172.46;3302.97;3155.77;3299.46;48013491;170680975360.00
20150512;3336.11;3408.02;3294.22;3405.30;51249205;185001017344.00
20150513;3343.78;3449.97;3288.28;3387.14;46156896;171825758208.00
20150514;3383.11;3437.42;3357.24;3374.64;44148589;161797931008.00
20150515;3345.42;3431.15;3299.04;3402.44;40803046;144247455744.00
20150518;3431.50;3557.44;3431.50;3556.71;42156099;155269169152.00
20150519;3597.91;3639.48;3503.32;3626.00;44285353;169730555904.00
20150520;3648.82;3795.02;3648.42;3733.37;46165534;176706289664.00
20150521;3759.49;3876.07;3759.49;3875.63;44954142;178876416000.00
20150522;3953.80;3975.56;3776.82;3853.74;57570183;221047881728.00
20150525;3752.74;3851.54;3710.72;3824.48;45619500;175439495168.00
20150526;3837.34;4001.94;3837.34;4001.21;45465316;180747780096.00
20150527;4039.48;4088.81;3942.02;4061.38;49660295;198252412928.00
20150528;4067.03;4148.58;3864.53;3864.53;54111024;220540993536.00
20150529;3867.78;4044.37;3724.88;3987.19;49995030;212901642240.00
20150601;4034.01;4180.06;4034.01;4179.38;43302740;188538273792.00
20150602;4221.69;4369.98;4213.30;4368.10;50081951;213001699328.00
20150603;4408.07;4449.42;4265.97;4414.78;49970440;220939010048.00
20150604;4420.00;4439.86;4106.54;4348.18;47259474;207038840832.00
20150605;4407.57;4441.28;4248.56;4307.57;46810857;199116554240.00
20150608;4278.88;4278.88;4062.76;4116.12;44704762;180590395392.00
20150609;4081.40;4201.94;4049.17;4121.97;38942848;157346873344.00
20150610;4113.30;4307.86;4092.03;4264.94;43364844;169019031552.00
20150611;4277.01;4332.18;4263.62;4327.46;44129786;167538425856.00
20150612;4361.42;4410.82;4334.48;4387.63;44912715;182173466624.00
20150615;4403.27;4404.15;4197.44;4204.69;47406719;184816631808.00
20150616;4135.23;4150.19;3964.87;4054.96;43314292;169391751168.00
20150617;4047.16;4214.40;3956.08;4200.91;39791390;156131278848.00
20150618;4195.68;4213.62;3967.84;3975.57;38221169;150724362240.00
20150619;3868.42;3917.89;3748.44;3758.56;36852903;136356405248.00
20150623;3755.60;3834.39;3578.35;3833.94;38158329;137315172352.00
20150624;3873.01;3915.81;3756.75;3848.78;37628646;140110987264.00
20150625;3867.04;3872.73;3621.57;3657.45;36857094;133833605120.00
20150626;3521.65;3521.65;3349.98;3353.59;35432058;117324251136.00
20150629;3385.15;3385.15;3078.23;3107.09;38531844;116379992064.00
20150630;2974.33;3281.64;2885.06;3265.82;54686573;161327955968.00
20150701;3239.47;3396.53;3111.46;3124.96;52601142;170035347456.00
20150702;3099.12;3144.51;2929.62;2971.04;45280319;129754341376.00
20150703;2863.26;3073.00;2771.28;2873.17;47079751;128325885952.00
20150706;3057.62;3057.62;2686.46;2744.08;51605867;138021306368.00
20150707;2647.68;2657.36;2601.57;2602.78;18897955;44729708544.00
20150708;2532.28;2590.64;2532.27;2582.88;44477613;92954722304.00
20150709;2555.40;2657.75;2555.40;2657.75;22948808;58334175232.00
20150710;2718.53;2755.60;2710.99;2755.60;13426826;45642735616.00
20150713;2841.46;2890.53;2825.42;2890.53;25235637;85667790848.00
20150714;2953.71;3040.37;2940.29;2965.68;40597844;121521889280.00
20150715;2983.84;2983.84;2822.19;2828.05;50649970;135461011456.00
20150716;2758.94;2930.91;2673.61;2862.27;52481076;131877273600.00
20150717;2880.88;3038.55;2877.56;3020.92;46866249;129074298880.00
20150720;3050.99;3142.61;3014.92;3091.77;57264696;169239478272.00
20150721;3049.99;3178.04;3022.95;3148.93;48846235;148535508992.00
20150722;3149.10;3201.62;3096.68;3182.18;51433159;153295716352.00
20150723;3188.14;3282.75;3160.90;3277.55;53211861;158102585344.00
20150724;3289.11;3345.53;3204.57;3226.26;58741277;185896828928.00
20150727;3153.18;3265.34;3002.51;3003.03;55582923;169828073472.00
20150728;2838.10;3026.38;2793.97;2883.11;58035381;154735345664.00
20150729;2925.72;3009.47;2773.88;3009.47;52023480;144345858048.00
20150730;2982.73;3038.53;2873.46;2878.36;48185189;138077487104.00
20150731;2817.18;2916.59;2789.67;2830.50;38567344;108512133120.00
20150803;2767.81;2781.14;2647.64;2671.48;39835425;104532262912.00
20150804;2668.40;2831.13;2655.72;2831.13;42143742;111226224640.00
20150805;2832.51;2885.96;2776.14;2805.21;46817454;123946147840.00
20150806;2737.45;2823.21;2725.79;2787.96;33923606;87783530496.00
20150807;2815.37;2902.27;2815.37;2901.72;42575831;119864483840.00
20150810;2935.39;3066.53;2923.36;3044.82;47852695;140830064640.00
20150811;3041.43;3095.68;3019.64;3044.89;48057873;145506074624.00
20150812;3006.00;3053.47;2972.21;2972.21;38304000;115133800448.00
20150813;2956.87;3046.21;2925.71;3046.21;37616566;108745867264.00
20150814;3075.30;3087.22;3025.04;3038.43;40688352;118322225152.00
20150817;3022.21;3036.30;2968.47;3030.96;36547442;103165435904.00
20150818;3034.60;3076.84;2821.93;2835.19;49129699;137144016896.00
20150819;2745.79;2922.13;2675.67;2906.81;43737323;115189719040.00
20150820;2885.08;2945.99;2834.71;2836.40;39721275;109633445888.00
20150821;2774.58;2804.95;2658.82;2660.27;35141461;90647912448.00
20150824;2530.32;2544.68;2452.25;2452.49;23049576;53003300864.00
20150825;2276.71;2336.52;2268.94;2272.27;27176061;59139764224.00
20150826;2254.63;2335.87;2151.50;2173.86;46445009;96904675328.00
20150827;2211.13;2247.75;2120.67;2243.17;40510061;83891937280.00
20150828;2277.17;2379.89;2249.54;2378.85;45280232;97909972992.00
20150831;2353.46;2354.86;2276.03;2276.03;35634528;77209616384.00
20150901;2235.24;2235.24;2137.02;2140.14;31889888;63735701504.00
20150902;2028.93;2206.84;2020.70;2080.97;38372944;73660375040.00
20150907;2112.11;2188.03;2108.26;2129.09;37806241;73524551680.00
20150908;2109.50;2250.40;2099.67;2246.62;36849649;71807631360.00
20150909;2267.31;2355.55;2262.33;2331.76;50760168;108850503680.00
20150910;2287.86;2342.46;2280.73;2299.14;35482570;74837950464.00
20150911;2295.57;2346.44;2288.71;2325.32;32555430;68596064256.00
20150914;2334.31;2341.20;2154.74;2157.92;34890885;68215353344.00
20150915;2083.53;2140.96;2037.77;2043.49;33039214;59455922176.00
20150916;2055.17;2189.66;2051.36;2186.44;39024402;71222157312.00
20150917;2199.28;2284.37;2175.91;2185.63;47985104;95394168832.00
20150918;2202.62;2250.50;2172.64;2238.62;37674215;74822942720.00
20150921;2202.24;2345.85;2195.92;2344.71;43477603;90425024512.00
20150922;2352.48;2383.17;2310.67;2350.42;47584444;101473476608.00
20150923;2306.39;2384.83;2301.94;2355.00;41306381;89360801792.00
20150924;2365.90;2408.04;2358.63;2384.78;43139456;94766923776.00
20150925;2368.40;2385.39;2259.82;2282.80;41100874;85890293760.00
20150928;2285.16;2392.81;2264.56;2390.56;37858681;79921192960.00
20150929;2349.79;2400.97;2333.80;2359.57;38424618;84097646592.00
20150930;2371.88;2384.92;2311.63;2347.13;29708449;64153165824.00
20151008;2419.09;2475.46;2401.47;2454.84;42031221;90206142464.00
20151009;2451.06;2501.57;2445.63;2489.47;42927691;92205228032.00
20151012;2504.60;2622.15;2503.85;2594.50;55775629;126441930752.00
20151013;2572.70;2637.33;2564.79;2629.78;50249441;115045253120.00
20151014;2615.46;2636.98;2579.40;2589.36;52435987;118325395456.00
20151015;2575.98;2686.41;2574.46;2686.29;56549121;129799847936.00
20151016;2703.77;2729.32;2666.67;2726.78;61932153;147293667328.00
20151019;2737.21;2738.86;2668.87;2708.50;57914034;137927753728.00
20151020;2706.04;2793.01;2703.89;2787.16;58460596;140692226048.00
20151021;2783.92;2805.58;2598.92;2607.40;72233598;174856929280.00
20151022;2610.55;2734.03;2610.55;2729.51;59640206;146753814528.00
20151023;2760.94;2836.42;2745.23;2825.16;67588134;171353915392.00
20151026;2862.95;2862.95;2780.91;2828.30;68447318;173929889792.00
20151027;2798.07;2885.82;2705.54;2864.20;62288146;157457154048.00
20151028;2844.60;2885.30;2774.63;2787.77;57717000;150886236160.00
20151029;2814.94;2839.59;2745.26;2799.41;44057659;114641960960.00
20151030;2792.62;2852.69;2748.33;2797.68;50077025;129735417856.00
20151102;2736.38;2844.11;2728.47;2749.25;46816872;123247304704.00
20151103;2759.21;2780.23;2716.91;2741.24;39935035;106823999488.00
20151104;2759.96;2902.69;2759.96;2902.69;58452418;152635211776.00
20151105;2906.80;2950.02;2856.02;2887.19;65112053;172894076928.00
20151106;2893.03;2997.49;2893.03;2993.17;61741798;164006821888.00
20151109;2980.90;3094.48;2943.44;3075.16;68677814;191238848512.00
20151110;3062.59;3136.05;3052.52;3107.59;65216341;180185415680.00
20151111;3104.54;3194.34;3092.93;3192.53;70870882;190166433792.00
20151112;3206.88;3228.99;3140.55;3195.56;74163984;210165465088.00
20151113;3150.47;3168.50;3055.37;3087.56;65461350;181274689536.00
20151116;3017.78;3183.02;3015.10;3183.02;55154366;147033964544.00
20151117;3224.60;3245.61;3105.57;3113.13;73555490;199687995392.00
20151118;3121.43;3146.68;3040.70;3047.01;51626129;140451151872.00
20151119;3062.47;3176.61;3062.47;3176.61;54825140;148732739584.00
20151120;3191.54;3249.64;3177.46;3230.14;69030482;183901437952.00
20151123;3228.42;3270.98;3178.54;3192.48;67520733;178263474176.00
20151124;3188.28;3260.61;3165.61;3260.61;52702493;150152871936.00
20151125;3260.53;3362.32;3258.89;3353.04;66418481;193136230400.00
20151126;3369.47;3375.47;3299.91;3305.99;63202930;187302346752.00
20151127;3287.34;3323.23;3081.95;3105.52;64579688;183247175680.00
20151130;3115.10;3155.06;2953.70;3148.25;60052415;167359250432.00
20151201;3144.58;3179.06;3071.72;3113.76;49682994;144658628608.00
20151202;3102.69;3112.53;2942.87;3046.38;43453059;119641399296.00
20151203;3053.62;3152.82;3053.62;3152.82;43270233;125313417216.00
20151204;3145.71;3202.19;3121.04;3146.44;48329082;141740687360.00
20151207;3155.33;3210.96;3135.43;3204.86;47454318;130145550336.00
20151208;3188.12;3208.03;3138.84;3162.07;51536895;142198587392.00
20151209;3142.76;3166.62;3106.47;3134.61;45218188;127953633280.00
20151210;3130.46;3189.98;3128.67;3151.12;44264087;126883823616.00
20151211;3139.85;3151.48;3112.40;3113.56;37125527;106300661760.00
20151214;3077.54;3162.67;3058.77;3162.67;36203573;102182617088.00
20151215;3168.51;3229.26;3168.51;3214.40;38759386;110853029888.00
20151216;3229.39;3276.05;3226.82;3247.09;41793161;120658198528.00
20151217;3271.10;3351.23;3271.10;3351.23;55219140;158786043904.00
20151218;3352.15;3371.30;3308.38;3335.83;51447381;150100541440.00
20151221;3325.89;3344.78;3299.85;3339.13;42648419;122337058816.00
20151222;3344.88;3364.45;3318.93;3362.55;41580714;114451144704.00
20151223;3365.53;3371.72;3282.61;3289.04;46679619;133253079040.00
20151224;3278.45;3318.74;3228.09;3312.00;37179051;107701985280.00
20151225;3324.12;3346.97;3298.11;3320.98;35511227;105453674496.00
20151228;3335.42;3363.26;3256.98;3256.98;45076570;128112943104.00
20151229;3252.73;3283.84;3223.27;3283.84;35829363;101371658240.00
20151230;3293.29;3341.02;3288.47;3339.74;40757691;114950168576.00
20151231;3341.63;3348.47;3265.14;3265.20;39561308;111887785984.00
20160104;3256.36;3258.72;2986.94;2987.44;33478923;88306573312.00
20160105;2806.15;2966.50;2786.16;2887.37;49010301;122570514432.00
20160106;2909.91;2962.83;2855.85;2961.10;39804046;104803934208.00
20160107;2897.62;2897.62;2704.05;2705.89;10666577;26100854784.00
20160108;2759.21;2783.89;2560.55;2696.10;44776461;108801032192.00
20160111;2620.93;2657.41;2498.36;2498.82;39231227;92052717568.00
20160112;2495.26;2564.88;2452.82;2524.45;37443203;87467515904.00
20160113;2539.12;2561.57;2413.47;2413.47;34346863;80888184832.00
20160114;2324.41;2547.82;2323.47;2542.79;40865370;91805425664.00
20160115;2525.02;2558.20;2444.50;2464.16;41445822;94756167680.00
20160118;2419.37;2579.63;2418.87;2543.54;39874752;91208597504.00
20160119;2536.34;2639.07;2516.73;2635.60;45197927;104522940416.00
20160120;2614.47;2657.53;2585.52;2606.99;41821529;98105860096.00
20160121;2566.29;2650.67;2495.07;2495.07;41166482;96569769984.00
20160122;2525.73;2553.15;2445.89;2540.62;35037326;79385665536.00
20160125;2564.42;2591.48;2531.73;2560.11;30623683;71962787840.00
20160126;2527.61;2530.39;2357.24;2361.00;36762608;81772249088.00
20160127;2357.67;2371.52;2217.28;2348.21;39761382;82136006656.00
20160128;2311.52;2337.63;2221.23;2228.98;30546403;63263305728.00
20160129;2221.62;2350.02;2215.85;2328.06;34466855;70828048384.00
20160201;2319.14;2346.24;2270.59;2313.20;29892131;62990098432.00
20160202;2315.84;2425.85;2315.84;2414.18;34710248;75053875200.00
20160203;2382.58;2447.93;2365.22;2432.58;31768832;68663410688.00
20160204;2437.61;2500.59;2437.61;2483.96;35059442;78395990016.00
20160205;2487.54;2499.47;2446.14;2447.05;25785867;58247507968.00
20160215;2362.64;2477.44;2362.64;2461.45;24986598;54905180160.00
20160216;2474.00;2579.21;2474.00;2572.00;36587329;84154343424.00
20160217;2568.98;2607.08;2540.62;2603.08;41643401;96020799488.00
20160218;2619.05;2626.53;2573.96;2579.43;40537756;96123584512.00
20160219;2570.88;2625.58;2568.86;2603.77;36792704;88677392384.00
20160222;2634.97;2647.15;2611.06;2647.15;41953415;99016785920.00
20160223;2648.69;2655.17;2584.26;2622.13;39969755;96000933888.00
20160224;2612.43;2632.39;2539.51;2602.95;40601726;97205272576.00
20160225;2594.62;2594.62;2391.86;2398.66;44873664;100580753408.00
20160226;2405.66;2422.37;2318.93;2365.75;35814102;78888099840.00
20160229;2344.64;2344.64;2182.18;2195.15;33848300;66577993728.00
20160301;2191.15;2270.75;2133.16;2247.21;36084525;74426007552.00
20160302;2239.00;2351.35;2234.17;2345.70;42454356;87510163456.00
20160303;2342.37;2402.23;2335.07;2336.75;42006967;89644498944.00
20160304;2319.02;2332.39;2194.91;2212.18;39762792;80145121280.00
20160307;2239.11;2313.34;2239.11;2268.47;31730234;65548865536.00
20160308;2259.56;2317.62;2159.67;2317.62;41226252;81062526976.00
20160309;2267.85;2332.62;2251.42;2282.21;34193080;67879120896.00
20160310;2283.31;2309.08;2241.18;2244.01;28365881;58393944064.00
20160311;2215.91;2260.67;2206.20;2243.97;23173404;47910830080.00
20160314;2276.38;2376.99;2276.38;2348.59;40997665;86634766336.00
20160315;2342.16;2361.47;2320.62;2324.59;34452746;72362459136.00
20160316;2362.50;2373.36;2282.14;2301.99;33507355;69662015488.00
20160317;2310.40;2426.95;2310.40;2423.67;52208031;112176939008.00
20160318;2439.88;2546.87;2439.13;2534.47;63938096;143482765312.00
20160321;2576.11;2599.11;2554.44;2599.11;63845763;148205158400.00
20160322;2570.37;2620.28;2557.17;2592.03;52501083;120596226048.00
20160323;2583.75;2635.02;2577.62;2635.02;49852202;120640897024.00
20160324;2609.37;2659.74;2589.32;2594.98;54767835;137460187136.00
20160325;2584.36;2610.49;2557.15;2596.35;41598980;100729643008.00
20160328;2614.65;2648.53;2566.98;2576.08;45630748;107843108864.00
20160329;2568.27;2573.30;2492.13;2519.06;39628257;95076884480.00
20160330;2541.56;2634.76;2541.56;2634.76;46542617;114883215360.00
20160331;2646.99;2673.08;2627.01;2634.57;50514154;129875197952.00
20160401;2616.41;2622.69;2563.05;2604.62;40715938;102483918848.00
20160405;2605.35;2695.64;2603.84;2689.77;49811538;122369605632.00
20160406;2681.75;2720.26;2678.71;2716.53;53433254;130880094208.00
20160407;2726.99;2733.40;2667.28;2667.28;53930101;132792262656.00
20160408;2643.54;2658.04;2605.19;2647.81;45924690;112813662208.00
20160411;2675.13;2728.70;2675.13;2711.23;50116207;124475777024.00
20160412;2709.77;2717.88;2647.55;2681.95;45314659;113106223104.00
20160413;2696.56;2760.30;2696.56;2722.00;57522857;139156324352.00
20160414;2739.24;2758.89;2715.80;2758.23;46139450;112999546880.00
20160415;2761.11;2762.90;2732.46;2749.67;40308909;100894416896.00
20160418;2726.52;2726.52;2684.08;2707.70;38252497;93760634880.00
20160419;2721.57;2735.40;2696.46;2718.30;35911567;89440706560.00
20160420;2726.23;2731.03;2534.22;2567.87;56160931;132675510272.00
20160421;2554.52;2585.24;2517.95;2521.38;36026893;84193722368.00
20160422;2501.97;2554.97;2498.08;2554.97;29586774;69405384704.00
20160425;2544.20;2546.41;2493.38;2539.95;26959280;63861825536.00
20160426;2536.28;2579.58;2533.47;2579.58;27579366;63580983296.00
20160427;2585.75;2605.50;2566.39;2571.58;32179113;73175056384.00
20160428;2573.83;2585.16;2520.68;2583.14;31257270;72814411776.00
20160429;2567.12;2593.98;2563.78;2572.80;25362369;64368291840.00
20160503;2570.44;2666.87;2558.33;2666.87;40518570;95647473664.00
20160504;2657.78;2695.45;2653.94;2667.93;41117967;95900475392.00
20160505;2663.18;2692.90;2656.02;2690.99;34603690;84074799104.00
20160506;2694.88;2706.58;2580.74;2580.74;49401484;115405430784.00
20160509;2549.78;2549.78;2468.15;2479.20;37401165;81898266624.00
20160510;2473.65;2494.58;2460.35;2472.14;25343896;57233993728.00
20160511;2487.91;2495.78;2436.95;2438.79;28980495;63500173312.00
20160512;2398.92;2440.43;2360.32;2437.25;28433750;59790643200.00
20160513;2429.41;2465.31;2414.48;2429.31;26223879;56643817472.00
20160516;2420.16;2477.95;2410.37;2477.95;28343346;61746839552.00
20160517;2479.79;2524.16;2456.72;2494.34;38088173;83762577408.00
20160518;2469.71;2469.71;2383.67;2410.48;35523823;72015208448.00
20160519;2412.01;2478.38;2412.01;2436.57;33919737;74046660608.00
20160520;2413.17;2476.61;2406.53;2476.61;31659474;70408175616.00
20160523;2486.83;2529.91;2486.83;2525.73;38387502;86250987520.00
20160524;2521.67;2521.67;2481.59;2501.93;34139734;76185976832.00
20160525;2521.08;2541.76;2487.07;2495.95;36260689;82368004096.00
20160526;2486.07;2519.45;2434.85;2519.45;37261301;82107473920.00
20160527;2509.59;2533.01;2501.55;2507.49;34131536;77629964288.00
20160530;2486.50;2525.15;2462.59;2494.04;33054054;69387354112.00
20160531;2496.93;2614.54;2496.93;2614.16;56992436;120200265728.00
20160601;2621.45;2660.50;2620.25;2641.96;58794178;129591189504.00
20160602;2637.12;2678.30;2635.23;2678.30;54154712;118358605824.00
20160603;2672.34;2719.89;2671.42;2689.91;64614589;150518644736.00
20160606;2696.78;2703.58;2669.20;2693.10;49092386;114324365312.00
20160607;2694.97;2706.32;2675.66;2705.01;45258223;109011877888.00
20160608;2698.83;2715.00;2668.52;2693.77;47491814;112163807232.00
20160613;2649.07;2671.25;2533.83;2533.83;53756488;122513432576.00
20160614;2518.85;2551.49;2508.79;2541.40;38905975;87452549120.00
20160615;2514.00;2653.79;2510.94;2639.96;50827619;113545617408.00
20160616;2638.78;2660.89;2623.84;2632.53;49736194;113033936896.00
20160617;2642.28;2689.84;2633.62;2660.50;50886964;118262931456.00
20160620;2660.91;2685.92;2629.38;2677.20;44233148;106588389376.00
20160621;2694.89;2711.39;2624.96;2639.09;52619369;123646984192.00
20160622;2631.35;2703.74;2630.59;2703.74;48500539;111990210560.00
20160623;2706.22;2714.34;2669.52;2694.30;53512181;119668817920.00
20160624;2689.32;2718.77;2591.58;2687.82;64400552;138999955456.00
20160627;2666.53;2771.63;2665.68;2771.63;61802508;138599792640.00
20160628;2763.86;2809.98;2755.32;2805.09;69894236;158151000064.00
20160629;2818.11;2829.15;2793.45;2807.06;59866686;139526717440.00
20160630;2807.74;2820.11;2792.24;2811.52;57068918;136500232192.00
